      7.00700      1.29780
      7.01700      1.28750
      7.02600      1.27720
      7.03600      1.29780
      7.04600      1.27720
      7.05500      1.25660
      7.06500      1.20510
      7.07400      1.20510
      7.08400      1.22570
      7.09400      1.27720
      7.10300      1.23600
      7.11300      1.28750
      7.12300      1.25660
      7.13300      1.22570
      7.14300      1.21540
      7.15200      1.18450
      7.16200      1.16390
      7.17200      1.19480
      7.18200      1.18450
      7.19200      1.18450
      7.20200      1.15360
      7.21200      1.20510
      7.22200      1.18450
      7.23200      1.18450
      7.24200      1.19480
      7.25200      1.18450
      7.26300      1.14330
      7.27300      1.19480
      7.28300      1.16390
      7.29300      1.16390
      7.30300      1.20510
      7.31400      1.21540
      7.32400      1.18450
      7.33400      1.16390
      7.34500      1.19480
      7.35500      1.26690
      7.36600      1.29780
      7.37600      1.25660
      7.38700      1.16390
      7.39700      1.15360
      7.40800      1.18450
      7.41800      1.22570
      7.42900      1.24630
      7.44000      1.29780
      7.45000      1.23600
      7.46100      1.26690
      7.47200      1.28750
      7.48300      1.32870
      7.49300      1.38020
      7.50400      1.43170
      7.51500      1.40080
      7.52600      1.36990
      7.53700      1.29780
      7.54800      1.35960
      7.55900      1.45230
      7.57000      1.51410
      7.58100      1.46260
      7.59200      1.46260
      7.60300      1.54500
      7.61400      1.64800
      7.62600      1.60680
      7.63700      1.63770
      7.64800      1.68920
      7.65900      1.78190
      7.67100      1.83340
      7.68200      1.92610
      7.69400      1.95700
      7.70500      1.99820
      7.71600      2.08060
      7.72800      2.15270
      7.73900      2.24540
      7.75100      2.35870
      7.76300      2.42050
      7.77400      2.49260
      7.78600      2.56470
      7.79800      2.72950
      7.80900      2.84280
      7.82100      2.96640
      7.83300      3.11060
      7.84500      3.31660
      7.85700      3.45050
      7.86900      3.63590
      7.88100      3.81100
      7.89300      4.01700
      7.90500      4.25390
      7.91700      4.47020
      7.92900      4.71740
      7.94100      5.00580
      7.95300      5.22210
      7.96500      5.35600
      7.97800      5.53110
      7.99000      5.87100
      8.00200      6.14910
      8.01500      6.32420
      8.02700      6.56110
      8.03900      6.94220
      8.05200      7.26150
      8.06400      7.60140
      8.07700      7.97220
      8.09000      8.45630
      8.10200      8.90950
      8.11500      9.34210
      8.12800      9.73350
      8.14000      10.2279
      8.15300      10.6914
      8.16600      11.0519
      8.17900      11.3197
      8.19200      11.5360
      8.20500      11.7317
      8.21800      11.9686
      8.23100      12.1746
      8.24400      12.3291
      8.25700      12.4012
      8.27000      12.4836
      8.28300      12.6072
      8.29700      12.7514
      8.31000      12.7617
      8.32300      12.8029
      8.33700      12.8338
      8.35000      12.8235
      8.36300      12.7823
      8.37700      12.9162
      8.39100      13.1943
      8.40400      13.5548
      8.41800      13.8947
      8.43100      14.3479
      8.44500      14.8114
      8.45900      15.2646
      8.47300      15.6148
      8.48700      15.9959
      8.50100      16.3049
      8.51500      16.5624
      8.52900      16.7890
      8.54300      17.0259
      8.55700      17.1598
      8.57100      17.1701
      8.58500      17.0465
      8.59900      16.9332
      8.61400      17.0156
      8.62800      17.5100
      8.64200      18.3031
      8.65700      19.1786
      8.67100      19.8893
      8.68600      20.6309
      8.70000      21.3107
      8.71500      21.9390
      8.73000      22.5364
      8.74400      23.1441
      8.75900      23.7003
      8.77400      24.2771
      8.78900      24.8745
      8.80400      25.5337
      8.81900      26.1311
      8.83400      26.6770
      8.84900      27.1920
      8.86400      27.6967
      8.87900      28.1293
      8.89400      28.3971
      8.90900      28.5001
      8.92500      28.5619
      8.94000      28.3765
      8.95600      27.9130
      8.97100      27.4289
      8.98700      27.1714
      9.00200      27.2229
      9.01800      27.7173
      9.03400      28.3559
      9.04900      28.9121
      9.06500      29.2932
      9.08100      29.7155
      9.09700      30.1172
      9.11300      30.3541
      9.12900      30.3747
      9.14500      30.2923
      9.16100      30.1584
      9.17800      29.8906
      9.19400      29.4271
      9.21000      28.9018
      9.22600      28.2529
      9.24300      27.5628
      9.25900      26.7285
      9.27600      25.8736
      9.29300      24.9260
      9.30900      24.0093
      9.32600      23.1235
      9.34300      22.4128
      9.36000      21.5785
      9.37700      20.7339
      9.39400      19.9614
      9.41100      19.2507
      9.42800      18.6430
      9.44500      18.1589
      9.46200      17.7572
      9.47900      17.4276
      9.49700      17.0568
      9.51400      16.8096
      9.53200      16.6139
      9.54900      16.4697
      9.56700      16.2328
      9.58500      16.0886
      9.60200      15.9547
      9.62000      15.8620
      9.63800      15.7075
      9.65600      15.5324
      9.67400      15.1410
      9.69200      14.6878
      9.71000      14.1316
      9.72800      13.6269
      9.74700      13.1428
      9.76500      12.7926
      9.78300      12.5454
      9.80200      12.4527
      9.82100      12.3394
      9.83900      12.2055
      9.85800      11.9995
      9.87700      11.8141
      9.89500      11.6596
      9.91400      11.5463
      9.93300      11.1961
      9.95200      10.8665
      9.97200      10.4442
      9.99100      9.97040
      10.0100      9.69230
      10.0290      9.49660
      10.0490      9.05370
      10.0680      8.66230
      10.0880      8.40480
      10.1080      8.26060
      10.1270      7.98250
      10.1470      7.71470
      10.1670      7.46750
      10.1870      7.33360
      10.2070      7.09670
      10.2270      6.93190
      10.2470      6.76710
      10.2680      6.68470
      10.2880      6.51990
      10.3090      6.36540
      10.3290      6.16970
      10.3500      6.01520
      10.3700      5.79890
      10.3910      5.65470
      10.4120      5.50020
      10.4330      5.38690
      10.4540      5.28390
      10.4750      5.28390
      10.4960      5.22210
      10.5180      5.19120
      10.5390      5.28390
      10.5600      5.45900
      10.5820      5.51050
      10.6040      5.54140
      10.6250      5.60320
      10.6470      5.68560
      10.6690      5.64440
      10.6910      5.55170
      10.7130      5.45900
      10.7350      5.52080
      10.7580      5.48990
      10.7800      5.55170
      10.8020      5.66500
      10.8250      5.82980
      10.8480      5.95340
      10.8700      6.12850
      10.8930      6.33450
      10.9160      6.50960
      10.9390      6.47870
      10.9620      6.38600
      10.9850      6.16970
      11.0090      6.07700
      11.0320      5.97400
      11.0560      5.87100
      11.0790      5.67530
      11.1030      5.62380
      11.1270      5.52080
      11.1510      5.41780
      11.1750      5.30450
      11.1990      5.18090
      11.2230      5.05730
      11.2480      5.02640
      11.2720      4.93370
      11.2970      4.89250
      11.3210      4.78950
      11.3460      4.69680
      11.3710      4.53200
      11.3960      4.54230
      11.4210      4.51140
      11.4460      4.57320
      11.4710      4.48050
      11.4970      4.34660
      11.5220      4.22300
      11.5480      4.21270
      11.5740      4.10970
      11.6000      4.06850
      11.6260      3.99640
      11.6520      3.94490
      11.6780      3.78010
      11.7040      3.68740
      11.7310      3.63590
      11.7570      3.67710
      11.7840      3.60500
      11.8110      3.51230
      11.8380      3.35780
      11.8650      3.32690
      11.8920      3.27540
      11.9200      3.21360
      11.9470      3.13120
      11.9750      3.06940
      12.0020      3.01790
      12.0300      2.98700
      12.0580      2.79130
      12.0860      2.72950
      12.1150      2.59560
      12.1430      2.48230
      12.1710      2.38960
      12.2000      2.36900
      12.2290      2.24540
      12.2580      2.17330
      12.2870      2.11150
      12.3160      2.23510
      12.3450      2.50290
      12.3750      2.94580
      12.4040      3.40930
      12.4340      3.93460
      12.4640      4.24360
      12.4940      4.47020
      12.5240      4.55260
      12.5540      4.69680
      12.5850      4.82040
      12.6160      4.90280
      12.6460      4.95430
      12.6770      5.20150
      12.7080      5.47960
      12.7390      5.62380
      12.7710      5.65470
      12.8020      5.59290
      12.8340      5.41780
      12.8660      5.19120
      12.8980      4.87190
      12.9300      4.72770
      12.9620      4.57320
      12.9950      4.41870
      13.0270      4.26420
      13.0600      4.12000
      13.0930      3.94490
      13.1260      3.89340
      13.1600      3.80070
      13.1930      3.76980
      13.2270      3.74920
      13.2610      3.74920
      13.2950      3.70800
      13.3290      3.73890
      13.3630      3.71830
      13.3980      3.71830
      13.4320      3.53290
      13.4670      3.46080
      13.5020      3.38870
      13.5380      3.35780
      13.5730      3.29600
      13.6090      3.31660
      13.6440      3.14150
      13.6800      3.16210
      13.7170      3.07970
      13.7530      3.03850
      13.7900      2.96640
      13.8260      3.04880
      13.8630      2.92520
      13.9000      2.78100
      13.9380      2.69860
      13.9750      2.73980
      14.0130      2.66770
      14.0510      2.85310