      7.00560     0.925500
      7.01510     0.912100
      7.02460     0.900400
      7.03410     0.893600
      7.04370     0.892800
      7.05330     0.896700
      7.06290     0.902600
      7.07250     0.908900
      7.08220     0.916700
      7.09190     0.926800
      7.10160     0.934300
      7.11130     0.935300
      7.12110     0.930400
      7.13090     0.918900
      7.14070     0.901400
      7.15060     0.884500
      7.16040     0.872800
      7.17030     0.867200
      7.18030     0.865500
      7.19020     0.865700
      7.20020     0.868700
      7.21020     0.871800
      7.22030     0.873800
      7.23030     0.876200
      7.24040     0.876700
      7.25060     0.874000
      7.26070     0.869100
      7.27090     0.863800
      7.28110     0.858400
      7.29140     0.853000
      7.30160     0.848600
      7.31190     0.843000
      7.32230     0.837600
      7.33260     0.835400
      7.34300     0.837600
      7.35340     0.842500
      7.36390     0.847700
      7.37430     0.853300
      7.38480     0.858900
      7.39540     0.862800
      7.40590     0.868400
      7.41650     0.878200
      7.42720     0.890600
      7.43780     0.900400
      7.44850     0.908900
      7.45920     0.918000
      7.47000     0.929000
      7.48070     0.942100
      7.49160     0.960000
      7.50240     0.983600
      7.51330      1.00980
      7.52420      1.03590
      7.53510      1.06350
      7.54610      1.09060
      7.55710      1.11790
      7.56810      1.14310
      7.57920      1.16670
      7.59030      1.19090
      7.60140      1.22020
      7.61260      1.25830
      7.62380      1.30570
      7.63500      1.36010
      7.64620      1.41890
      7.65750      1.47730
      7.66890      1.53100
      7.68020      1.58370
      7.69160      1.64310
      7.70310      1.71310
      7.71450      1.79300
      7.72600      1.87890
      7.73750      1.96780
      7.74910      2.05200
      7.76070      2.12790
      7.77230      2.19850
      7.78400      2.27120
      7.79570      2.35180
      7.80750      2.44460
      7.81920      2.55610
      7.83100      2.69190
      7.84290      2.85160
      7.85480      3.03540
      7.86670      3.24490
      7.87860      3.48240
      7.89060      3.74900
      7.90270      4.04660
      7.91470      4.38180
      7.92680      4.75780
      7.93900      5.16820
      7.95120      5.60690
      7.96340      6.06690
      7.97560      6.54220
      7.98790      7.02830
      8.00020      7.52710
      8.01260      8.04560
      8.02500      8.59470
      8.03740      9.18040
      8.04990      9.80930
      8.06240      10.4848
      8.07500      11.2092
      8.08760      11.9782
      8.10020      12.7819
      8.11290      13.6054
      8.12560      14.4267
      8.13840      15.2092
      8.15120      15.9123
      8.16400      16.5007
      8.17690      16.9531
      8.18980      17.2605
      8.20280      17.4294
      8.21580      17.4824
      8.22880      17.4489
      8.24190      17.3493
      8.25500      17.1997
      8.26820      17.0180
      8.28140      16.8227
      8.29460      16.6213
      8.30790      16.4191
      8.32130      16.2258
      8.33470      16.0476
      8.34810      15.8803
      8.36150      15.7187
      8.37500      15.5634
      8.38860      15.4167
      8.40220      15.2702
      8.41580      15.1198
      8.42950      14.9670
      8.44320      14.8125
      8.45700      14.6557
      8.47080      14.4983
      8.48470      14.3442
      8.49860      14.1958
      8.51260      14.0383
      8.52660      13.8437
      8.54060      13.5632
      8.55470      13.1425
      8.56880      12.5605
      8.58300      11.8630
      8.59730      11.1633
      8.61160      10.6115
      8.62590      10.3432
      8.64030      10.4192
      8.65470      10.7878
      8.66920      11.3142
      8.68370      11.8425
      8.69820      12.2680
      8.71290      12.5503
      8.72750      12.7038
      8.74220      12.7800
      8.75700      12.8259
      8.77180      12.8630
      8.78670      12.8928
      8.80160      12.9062
      8.81660      12.9045
      8.83160      12.8820
      8.84670      12.8330
      8.86180      12.7607
      8.87700      12.6704
      8.89220      12.5654
      8.90750      12.4504
      8.92280      12.3335
      8.93820      12.2270
      8.95360      12.1355
      8.96910      12.0681
      8.98470      12.0368
      9.00030      12.0459
      9.01590      12.0857
      9.03160      12.1467
      9.04740      12.2209
      9.06320      12.2995
      9.07910      12.3737
      9.09500      12.4424
      9.11100      12.5070
      9.12700      12.5678
      9.14310      12.6269
      9.15930      12.6887
      9.17550      12.7568
      9.19180      12.8318
      9.20810      12.9133
      9.22450      13.0002
      9.24090      13.0837
      9.25740      13.1548
      9.27400      13.1992
      9.29060      13.1975
      9.30730      13.1333
      9.32400      12.9929
      9.34080      12.7727
      9.35770      12.4741
      9.37460      12.1096
      9.39160      11.7043
      9.40860      11.2844
      9.42570      10.8764
      9.44290      10.5029
      9.46010      10.1753
      9.47740      9.89110
      9.49480      9.64040
      9.51220      9.41480
      9.52970      9.20680
      9.54720      9.01340
      9.56490      8.83590
      9.58250      8.66840
      9.60030      8.50580
      9.61810      8.34490
      9.63600      8.18330
      9.65390      8.01680
      9.67190      7.84570
      9.69000      7.67700
      9.70820      7.51220
      9.72640      7.34500
      9.74470      7.17750
      9.76300      7.01760
      9.78140      6.86890
      9.79990      6.73070
      9.81850      6.60570
      9.83710      6.49750
      9.85580      6.40330
      9.87460      6.31610
      9.89340      6.23340
      9.91230      6.15090
      9.93130      6.06350
      9.95040      5.96390
      9.96950      5.84840
      9.98870      5.71820
      10.0080      5.58130
      10.0274      5.44160
      10.0468      5.30150
      10.0663      5.16060
      10.0859      5.02370
      10.1056      4.89180
      10.1253      4.76340
      10.1451      4.63870
      10.1650      4.51950
      10.1850      4.40500
      10.2050      4.29340
      10.2251      4.18360
      10.2454      4.08030
      10.2656      3.98750
      10.2860      3.90400
      10.3065      3.82520
      10.3270      3.74710
      10.3476      3.66720
      10.3683      3.58760
      10.3891      3.50830
      10.4099      3.43110
      10.4309      3.35940
      10.4519      3.29540
      10.4730      3.23630
      10.4942      3.18110
      10.5155      3.13060
      10.5369      3.08910
      10.5584      3.05390
      10.5799      3.02340
      10.6015      2.99760
      10.6233      2.97460
      10.6451      2.95360
      10.6670      2.93510
      10.6890      2.91890
      10.7111      2.90700
      10.7332      2.89770
      10.7555      2.89180
      10.7779      2.88650
      10.8003      2.88400
      10.8229      2.88700
      10.8455      2.89400
      10.8682      2.90060
      10.8911      2.90620
      10.9140      2.91330
      10.9370      2.92160
      10.9602      2.92480
      10.9834      2.92360
      11.0067      2.91750
      11.0301      2.90180
      11.0536      2.87080
      11.0773      2.82910
      11.1010      2.78320
      11.1248      2.73900
      11.1487      2.69820
      11.1727      2.66450
      11.1969      2.63600
      11.2211      2.61030
      11.2455      2.58230
      11.2699      2.55200
      11.2944      2.52120
      11.3191      2.49270
      11.3439      2.46900
      11.3688      2.44920
      11.3937      2.42870
      11.4188      2.40840
      11.4440      2.38790
      11.4694      2.36740
      11.4948      2.34890
      11.5203      2.33470
      11.5460      2.32420
      11.5718      2.31370
      11.5977      2.29740
      11.6237      2.27510
      11.6498      2.24440
      11.6760      2.20460
      11.7024      2.15970
      11.7289      2.11470
      11.7555      2.07230
      11.7822      2.03660
      11.8090      2.00710
      11.8360      1.98100
      11.8631      1.95240
      11.8903      1.91670
      11.9176      1.87160
      11.9450      1.81880
      11.9726      1.76320
      12.0003      1.71290
      12.0282      1.66890
      12.0562      1.62720
      12.0843      1.58280
      12.1125      1.53100
      12.1409      1.46510
      12.1694      1.38130
      12.1980      1.28560
      12.2268      1.19560
      12.2557      1.13790
      12.2847      1.14820
      12.3139      1.25880
      12.3432      1.49220
      12.3727      1.83400
      12.4023      2.24100
      12.4320      2.64500
      12.4619      2.97610
      12.4919      3.18190
      12.5221      3.24510
      12.5524      3.18700
      12.5829      3.06930
      12.6135      2.96700
      12.6443      2.94900
      12.6752      3.04740
      12.7063      3.24880
      12.7375      3.50050
      12.7688      3.72780
      12.8004      3.86280
      12.8321      3.87350
      12.8639      3.76810
      12.8959      3.58400
      12.9281      3.36790
      12.9604      3.16360
      12.9929      2.99360
      13.0255      2.85990
      13.0583      2.75340
      13.0913      2.66970
      13.1244      2.60200
      13.1577      2.54080
      13.1912      2.48310
      13.2249      2.43550
      13.2587      2.39380
      13.2927      2.35160
      13.3269      2.30810
      13.3612      2.26950
      13.3957      2.23340
      13.4304      2.19730
      13.4653      2.16600
      13.5004      2.14700
      13.5356      2.13210
      13.5711      2.11720
      13.6067      2.10060
      13.6425      2.08640
      13.6785      2.06740
      13.7147      2.03780
      13.7511      2.00290
      13.7876      1.96390
      13.8244      1.91500
      13.8614      1.86330
      13.8985      1.82230
      13.9359      1.81130
      13.9734      1.81790
      14.0112      1.82670