   1.000000  12007.000000
   2.000000  11950.000000
   3.000000  12038.000000
   4.000000  11991.000000
   5.000000  12204.000000
   6.000000  12168.000000
   7.000000  12255.000000
   8.000000  12122.000000
   9.000000  12347.000000
  10.000000  12367.000000
  11.000000  12253.000000
  12.000000  12257.000000
  13.000000  12394.000000
  14.000000  12455.000000
  15.000000  12514.000000
  16.000000  12451.000000
  17.000000  12433.000000
  18.000000  12567.000000
  19.000000  12500.000000
  20.000000  12646.000000
  21.000000  12621.000000
  22.000000  12790.000000
  23.000000  12930.000000
  24.000000  12510.000000
  25.000000  12442.000000
  26.000000  12646.000000
  27.000000  12830.000000
  28.000000  12535.000000
  29.000000  12685.000000
  30.000000  12767.000000
  31.000000  12637.000000
  32.000000  13022.000000
  33.000000  13085.000000
  34.000000  13056.000000
  35.000000  12853.000000
  36.000000  12942.000000
  37.000000  13023.000000
  38.000000  12894.000000
  39.000000  12940.000000
  40.000000  12687.000000
  41.000000  12504.000000
  42.000000  12240.000000
  43.000000  12332.000000
  44.000000  12142.000000
  45.000000  12363.000000
  46.000000  12241.000000
  47.000000  12054.000000
  48.000000  12150.000000
  49.000000  12206.000000
  50.000000  12226.000000
  51.000000  12231.000000
  52.000000  12422.000000
  53.000000  12233.000000
  54.000000  12284.000000
  55.000000  12316.000000
  56.000000  12292.000000
  57.000000  12235.000000
  58.000000  12303.000000
  59.000000  12078.000000
  60.000000  12135.000000
