   1.000000  11996.000000
   2.000000  11944.000000
   3.000000  12029.000000
   4.000000  11969.000000
   5.000000  12175.000000
   6.000000  12137.000000
   7.000000  12223.000000
   8.000000  12075.000000
   9.000000  12291.000000
  10.000000  12307.000000
  11.000000  12183.000000
  12.000000  12184.000000
  13.000000  12315.000000
  14.000000  12362.000000
  15.000000  12411.000000
  16.000000  12348.000000
  17.000000  12332.000000
  18.000000  12456.000000
  19.000000  12390.000000
  20.000000  12535.000000
  21.000000  12501.000000
  22.000000  12672.000000
  23.000000  12806.000000
  24.000000  12386.000000
  25.000000  12318.000000
  26.000000  12515.000000
  27.000000  12686.000000
  28.000000  12401.000000
  29.000000  12546.000000
  30.000000  12627.000000
  31.000000  12487.000000
  32.000000  12856.000000
  33.000000  12899.000000
  34.000000  12875.000000
  35.000000  12666.000000
  36.000000  12754.000000
  37.000000  12837.000000
  38.000000  12723.000000
  39.000000  12799.000000
  40.000000  12587.000000
  41.000000  12453.000000
  42.000000  12217.000000
  43.000000  12318.000000
  44.000000  12142.000000
  45.000000  12361.000000
  46.000000  12238.000000
  47.000000  12052.000000
  48.000000  12150.000000
  49.000000  12211.000000
  50.000000  12226.000000
  51.000000  12232.000000
  52.000000  12421.000000
  53.000000  12234.000000
  54.000000  12284.000000
  55.000000  12314.000000
  56.000000  12288.000000
  57.000000  12238.000000
  58.000000  12306.000000
  59.000000  12078.000000
  60.000000  12134.000000
