   6679.455078   336.093018
   6805.622070  1423.468994
   6931.244141  1381.994019
   7056.294922  1947.699097
   7180.749023  4989.610840
   7304.582031   799.014832
   7427.766113  2265.467529
   7550.276855     0.000000
   7672.088867   425.169128
   7793.175781     0.000000
   7913.512207   793.667542
   8033.071777     0.000000
   8151.830078   723.003601
   8269.759766   995.885254
   8386.835938  1547.344238
   8503.034180   967.243103
   8618.326172  1154.274414
   8732.688477  1985.684204
   8846.093750  1591.519043
   8958.517578  1262.260498
   9069.933594  1270.390503
   9180.317383  1377.557373
   9289.640625  1479.456665
   9397.879883  1554.318726
   9505.007813  1584.265259
   9611.000977  1598.936523
   9715.832031  1603.037964
   9819.474609  1616.688843
   9921.904297  1588.107910
  10023.094727  1581.939697
  10123.022461  1568.457520
  10221.658203  1571.478882
  10318.977539  1568.176880
  10414.956055  1588.416626
  10509.567383  1571.757324
  10602.784180  1559.256348
  10694.583008  1553.422119
  10784.936523  1548.926025
  10873.821289  1537.106567
  10961.208984  1539.362427
  11047.076172  1515.358887
  11131.394531  1512.809570
  11214.140625  1503.226807
  11295.288086  1490.587036
  11374.810547  1504.895264
  11452.683594  1494.726440
  11528.880859  1478.992554
  11603.376953  1448.275146
  11676.144531  1439.230347
  11747.160156  1451.668701
  11816.397461  1428.652466
  11883.829102  1417.782227
  11949.431641  1388.118042
  12013.177734  1349.891968
  12075.043945  1376.480347
  12135.001953  1410.282471
  12193.027344  1375.060547
  12249.093750  1222.312256
  12303.175781  1231.209473
  12355.249023  1299.624878
