   6679.455078   118.469269
   6805.622070  1654.839233
   6931.244141  4138.463867
   7056.294922  5254.413574
   7180.749023   212.255676
   7304.582031     0.000000
   7427.766113  2422.530273
   7550.276855     0.000000
   7672.088867    68.893013
   7793.175781     0.000000
   7913.512207   905.166199
   8033.071777  1318.673950
   8151.830078   783.710449
   8269.759766   720.896851
   8386.835938  1194.989380
   8503.034180   779.025879
   8618.326172  1182.467529
   8732.688477   995.292786
   8846.093750   965.848816
   8958.517578   970.895142
   9069.933594   980.951172
   9180.317383  1033.332764
   9289.640625  1082.505005
   9397.879883  1118.020752
   9505.007813  1132.136597
   9611.000977  1140.749634
   9715.832031  1172.406128
   9819.474609  1164.077148
   9921.904297  1177.355103
  10023.094727  1185.196045
  10123.022461  1191.330322
  10221.658203  1189.197998
  10318.977539  1190.184448
  10414.956055  1186.390381
  10509.567383  1192.104736
  10602.784180  1183.517944
  10694.583008  1177.083984
  10784.936523  1176.150146
  10873.821289  1183.429443
  10961.208984  1167.140137
  11047.076172  1164.676758
  11131.394531  1154.329102
  11214.140625  1138.207642
  11295.288086  1142.046875
  11374.810547  1140.362793
  11452.683594  1117.749756
  11528.880859  1116.862183
  11603.376953  1115.644531
  11676.144531  1104.338989
  11747.160156  1099.155518
  11816.397461  1100.651245
  11883.829102  1069.492188
  11949.431641  1056.115601
  12013.177734  1085.266479
  12075.043945  1061.080200
  12135.001953  1026.482788
  12193.027344   987.011047
  12249.093750  1022.225281
  12303.175781  1084.117920
  12355.249023  1009.876221
