   6679.455078     0.000000
   6805.622070     0.000000
   6931.244141     0.000000
   7056.294922  3132.792725
   7180.749023  5225.451660
   7304.582031   915.940857
   7427.766113     0.000000
   7550.276855     0.000000
   7672.088867  1026.074951
   7793.175781  1177.604858
   7913.512207   119.969490
   8033.071777  1286.361450
   8151.830078   961.494568
   8269.759766  1349.148071
   8386.835938  1571.182983
   8503.034180  1319.569214
   8618.326172  1171.391724
   8732.688477   986.679443
   8846.093750   990.128418
   8958.517578   935.728088
   9069.933594   934.161011
   9180.317383   969.434021
   9289.640625   993.863220
   9397.879883  1028.463135
   9505.007813  1037.906738
   9611.000977  1052.108032
   9715.832031  1062.500000
   9819.474609  1061.418701
   9921.904297  1067.984741
  10023.094727  1084.166748
  10123.022461  1096.526489
  10221.658203  1081.378296
  10318.977539  1090.892700
  10414.956055  1099.331299
  10509.567383  1081.373169
  10602.784180  1092.023804
  10694.583008  1085.446899
  10784.936523  1073.323242
  10873.821289  1083.911987
  10961.208984  1082.809082
  11047.076172  1075.601807
  11131.394531  1082.047119
  11214.140625  1065.264893
  11295.288086  1058.561523
  11374.810547  1058.304443
  11452.683594  1047.565186
  11528.880859  1053.892578
  11603.376953  1034.835571
  11676.144531  1020.872620
  11747.160156  1022.688416
  11816.397461  1017.595276
  11883.829102  1031.235718
  11949.431641   984.159546
  12013.177734  1034.182251
  12075.043945  1029.034546
  12135.001953  1024.889648
  12193.027344  1020.662537
  12249.093750   927.482788
  12303.175781   926.188354
  12355.249023   871.243225
