    1  1034  406  616063.80  5449462.80  49.186979  16.592817  0.9527  0.9571  0.9733  0.9698  0.9758  0.9773  0.9680  0.9729  0.9610  0.9652  0.9766  0.9632  0.9773  0.9737  0.9786  0.9695  0.9596  0.9598  0.9591  0.9534  0.9556  0.9560
    2  1032  406  616062.60  5449462.80  49.186979  16.592801  0.9458  0.9535  0.9672  0.9647  0.9722  0.9753  0.9699  0.9733  0.9660  0.9651  0.9712  0.9618  0.9647  0.9744  0.9716  0.9654  0.9468  0.9547  0.9573  0.9591  0.9547  0.9671
    3  1031  406  616062.00  5449462.80  49.186979  16.592793  0.9490  0.9563  0.9748  0.9660  0.9694  0.9702  0.9700  0.9765  0.9594  0.9597  0.9703  0.9702  0.9737  0.9665  0.9736  0.9693  0.9602  0.9571  0.9592  0.9628  0.9630  0.9527
    4  1030  406  616061.40  5449462.80  49.186979  16.592784  0.9501  0.9552  0.9716  0.9700  0.9772  0.9731  0.9751  0.9731  0.9741  0.9698  0.9716  0.9651  0.9706  0.9724  0.9694  0.9563  0.9552  0.9572  0.9617  0.9553  0.9583  0.9645
    5  1033  406  616063.20  5449462.80  49.186979  16.592809  0.9458  0.9535  0.9672  0.9647  0.9722  0.9753  0.9699  0.9733  0.9660  0.9651  0.9712  0.9618  0.9647  0.9744  0.9716  0.9654  0.9468  0.9547  0.9573  0.9591  0.9547  0.9671
    6  1033  407  616063.20  5449462.20  49.186973  16.592809  0.9447  0.9542  0.9681  0.9636  0.9740  0.9670  0.9654  0.9728  0.9600  0.9594  0.9684  0.9588  0.9720  0.9686  0.9694  0.9645  0.9596  0.9580  0.9621  0.9593  0.9533  0.9436
    7  1032  407  616062.60  5449462.20  49.186973  16.592801  0.9547  0.9625  0.9736  0.9681  0.9787  0.9653  0.9683  0.9745  0.9698  0.9723  0.9761  0.9682  0.9750  0.9756  0.9716  0.9737  0.9640  0.9664  0.9669  0.9625  0.9620  0.9600
    8  1031  407  616062.00  5449462.20  49.186974  16.592793  0.9528  0.9608  0.9747  0.9694  0.9762  0.9706  0.9784  0.9730  0.9670  0.9733  0.9753  0.9728  0.9762  0.9676  0.9666  0.9744  0.9597  0.9637  0.9618  0.9621  0.9707  0.9648
    9  1030  407  616061.40  5449462.20  49.186974  16.592784  0.9501  0.9552  0.9716  0.9700  0.9772  0.9731  0.9751  0.9731  0.9741  0.9698  0.9716  0.9651  0.9706  0.9724  0.9694  0.9563  0.9552  0.9572  0.9617  0.9553  0.9583  0.9645
   10  1034  407  616063.80  5449462.20  49.186973  16.592817  0.9527  0.9571  0.9733  0.9698  0.9758  0.9773  0.9680  0.9729  0.9610  0.9652  0.9766  0.9632  0.9773  0.9737  0.9786  0.9695  0.9596  0.9598  0.9591  0.9534  0.9556  0.9560
   11  1032  408  616062.60  5449461.60  49.186968  16.592801  0.9522  0.9583  0.9681  0.9646  0.9778  0.9667  0.9700  0.9753  0.9658  0.9703  0.9721  0.9646  0.9681  0.9731  0.9661  0.9632  0.9587  0.9643  0.9613  0.9632  0.9564  0.9625
   12  1030  408  616061.40  5449461.60  49.186968  16.592784  0.9529  0.9575  0.9731  0.9736  0.9704  0.9631  0.9788  0.9771  0.9773  0.9739  0.9745  0.9780  0.9716  0.9791  0.9777  0.9674  0.9711  0.9719  0.9711  0.9599  0.9587  0.9564
   13  1033  408  616063.20  5449461.60  49.186968  16.592809  0.9522  0.9583  0.9681  0.9646  0.9778  0.9667  0.9700  0.9753  0.9658  0.9703  0.9721  0.9646  0.9681  0.9731  0.9661  0.9632  0.9587  0.9643  0.9613  0.9632  0.9564  0.9625
   14  1034  408  616063.80  5449461.60  49.186968  16.592817  0.9493  0.9590  0.9742  0.9666  0.9697  0.9641  0.9665  0.9701  0.9597  0.9652  0.9645  0.9692  0.9707  0.9656  0.9629  0.9637  0.9578  0.9628  0.9585  0.9549  0.9449  0.9458
   15  1031  408  616062.00  5449461.60  49.186968  16.592792  0.9529  0.9575  0.9731  0.9736  0.9704  0.9631  0.9788  0.9771  0.9773  0.9739  0.9745  0.9780  0.9716  0.9791  0.9777  0.9674  0.9711  0.9719  0.9711  0.9599  0.9587  0.9564
   16  1032  409  616062.60  5449461.00  49.186963  16.592800  0.9531  0.9595  0.9715  0.9665  0.9753  0.9663  0.9728  0.9776  0.9618  0.9646  0.9663  0.9735  0.9753  0.9746  0.9725  0.9640  0.9601  0.9598  0.9629  0.9567  0.9583  0.9597
   17  1033  409  616063.20  5449461.00  49.186963  16.592809  0.9444  0.9498  0.9681  0.9675  0.9749  0.9631  0.9729  0.9716  0.9606  0.9681  0.9734  0.9676  0.9710  0.9635  0.9564  0.9564  0.9491  0.9561  0.9507  0.9585  0.9575  0.9469
   18  1031  409  616062.00  5449461.00  49.186963  16.592792  0.9374  0.9467  0.9644  0.9597  0.9669  0.9679  0.9608  0.9715  0.9648  0.9681  0.9734  0.9699  0.9577  0.9648  0.9630  0.9650  0.9469  0.9500  0.9532  0.9479  0.9513  0.9438
   19  1030  409  616061.40  5449461.00  49.186963  16.592784  0.9454  0.9533  0.9709  0.9643  0.9722  0.9629  0.9767  0.9701  0.9677  0.9743  0.9756  0.9729  0.9734  0.9698  0.9757  0.9653  0.9561  0.9610  0.9600  0.9629  0.9593  0.9495
   20  1034  409  616063.80  5449461.00  49.186962  16.592817  0.9550  0.9582  0.9712  0.9660  0.9705  0.9680  0.9716  0.9742  0.9623  0.9624  0.9696  0.9644  0.9665  0.9659  0.9599  0.9647  0.9586  0.9590  0.9532  0.9479  0.9530  0.9449
   21  1032  410  616062.60  5449460.40  49.186957  16.592800  0.9467  0.9536  0.9657  0.9607  0.9678  0.9646  0.9623  0.9732  0.9607  0.9684  0.9647  0.9706  0.9605  0.9715  0.9712  0.9589  0.9475  0.9492  0.9531  0.9579  0.9411  0.9482
   22  1031  410  616062.00  5449460.40  49.186957  16.592792  0.9374  0.9467  0.9644  0.9597  0.9669  0.9679  0.9608  0.9715  0.9648  0.9681  0.9734  0.9699  0.9577  0.9648  0.9630  0.9650  0.9469  0.9500  0.9532  0.9479  0.9513  0.9438
   23  1030  410  616061.40  5449460.40  49.186958  16.592784  0.9515  0.9534  0.9656  0.9633  0.9647  0.9601  0.9688  0.9709  0.9610  0.9641  0.9746  0.9709  0.9738  0.9659  0.9652  0.9624  0.9531  0.9555  0.9492  0.9494  0.9497  0.9468
   24  1033  410  616063.20  5449460.40  49.186957  16.592808  0.9459  0.9532  0.9684  0.9633  0.9681  0.9671  0.9717  0.9721  0.9642  0.9665  0.9737  0.9696  0.9661  0.9659  0.9627  0.9542  0.9522  0.9579  0.9530  0.9506  0.9431  0.9516
   25  1034  410  616063.80  5449460.40  49.186957  16.592817  0.9467  0.9586  0.9734  0.9625  0.9708  0.9710  0.9631  0.9649  0.9579  0.9673  0.9730  0.9646  0.9690  0.9684  0.9620  0.9532  0.9484  0.9491  0.9554  0.9510  0.9421  0.9438
