     1   999  431  616042.80  5449447.80  49.186848  16.592525  0.8999  0.8972  0.8934  0.8742  0.8631  0.8602  0.8539  0.8731  0.8809  0.8900  0.8913  0.9029  0.9110  0.9296  0.9329  0.9388  0.9464  0.9573  0.9595  0.9551  0.9520  0.9539
     2   997  431  616041.60  5449447.80  49.186848  16.592508  0.8935  0.8918  0.8904  0.8741  0.8596  0.8564  0.8588  0.8703  0.8771  0.8849  0.8947  0.9020  0.9155  0.9179  0.9352  0.9483  0.9427  0.9544  0.9573  0.9539  0.9597  0.9563
     3   998  431  616042.20  5449447.80  49.186848  16.592517  0.8953  0.8982  0.9018  0.8788  0.8621  0.8595  0.8671  0.8770  0.8754  0.8927  0.9007  0.9091  0.9215  0.9151  0.9355  0.9533  0.9512  0.9524  0.9601  0.9583  0.9593  0.9523
     4   996  431  616041.00  5449447.80  49.186848  16.592500  0.8935  0.8918  0.8904  0.8741  0.8596  0.8564  0.8588  0.8703  0.8771  0.8849  0.8947  0.9020  0.9155  0.9179  0.9352  0.9483  0.9427  0.9544  0.9573  0.9539  0.9597  0.9563
     5  1002  431  616044.60  5449447.80  49.186847  16.592550  0.8952  0.8902  0.8850  0.8594  0.8533  0.8458  0.8469  0.8651  0.8663  0.8694  0.8752  0.8948  0.9084  0.9202  0.9213  0.9360  0.9355  0.9464  0.9499  0.9482  0.9558  0.9583
     6  1001  431  616044.00  5449447.80  49.186848  16.592541  0.8922  0.8939  0.8857  0.8602  0.8619  0.8422  0.8501  0.8680  0.8734  0.8816  0.8845  0.8952  0.9052  0.9123  0.9335  0.9273  0.9372  0.9435  0.9582  0.9462  0.9585  0.9499
     7  1000  431  616043.40  5449447.80  49.186848  16.592533  0.8980  0.8920  0.8856  0.8674  0.8615  0.8488  0.8465  0.8645  0.8720  0.8793  0.8830  0.8944  0.9103  0.9132  0.9295  0.9336  0.9459  0.9417  0.9546  0.9534  0.9524  0.9587
     8  1003  431  616045.20  5449447.80  49.186847  16.592558  0.9024  0.9005  0.8956  0.8718  0.8628  0.8537  0.8604  0.8712  0.8733  0.8834  0.8913  0.8952  0.9122  0.9195  0.9320  0.9414  0.9458  0.9590  0.9594  0.9527  0.9569  0.9517
     9   996  432  616041.00  5449447.20  49.186843  16.592500  0.8841  0.8835  0.8808  0.8632  0.8537  0.8413  0.8406  0.8538  0.8583  0.8689  0.8831  0.8892  0.9008  0.9076  0.9197  0.9246  0.9334  0.9428  0.9464  0.9468  0.9457  0.9575
    10   995  432  616040.40  5449447.20  49.186843  16.592492  0.8977  0.8947  0.8939  0.8744  0.8589  0.8446  0.8441  0.8675  0.8656  0.8770  0.8831  0.9021  0.9080  0.9228  0.9235  0.9363  0.9431  0.9490  0.9584  0.9546  0.9487  0.9543
    11   998  432  616042.20  5449447.20  49.186842  16.592517  0.8862  0.8855  0.8855  0.8695  0.8564  0.8434  0.8466  0.8629  0.8644  0.8784  0.8837  0.8924  0.9017  0.9061  0.9220  0.9313  0.9403  0.9491  0.9580  0.9545  0.9540  0.9498
    12  1002  432  616044.60  5449447.20  49.186842  16.592549  0.9034  0.9005  0.8932  0.8666  0.8622  0.8514  0.8588  0.8729  0.8722  0.8798  0.8902  0.9053  0.9169  0.9275  0.9311  0.9426  0.9483  0.9541  0.9594  0.9598  0.9585  0.9558
    13  1003  432  616045.20  5449447.20  49.186842  16.592558  0.9034  0.9005  0.8932  0.8666  0.8622  0.8514  0.8588  0.8729  0.8722  0.8798  0.8902  0.9053  0.9169  0.9275  0.9311  0.9426  0.9483  0.9541  0.9594  0.9598  0.9585  0.9558
    14  1004  432  616045.80  5449447.20  49.186842  16.592566  0.9021  0.8988  0.8895  0.8639  0.8588  0.8500  0.8575  0.8755  0.8716  0.8792  0.8907  0.8924  0.9049  0.9128  0.9321  0.9382  0.9450  0.9462  0.9521  0.9538  0.9590  0.9575
    15   994  432  616039.80  5449447.20  49.186843  16.592484  0.8972  0.8915  0.8862  0.8660  0.8623  0.8502  0.8451  0.8612  0.8831  0.8820  0.8867  0.8936  0.9081  0.9200  0.9344  0.9379  0.9381  0.9461  0.9528  0.9588  0.9528  0.9525
    16   999  432  616042.80  5449447.20  49.186842  16.592525  0.9060  0.9023  0.9000  0.8773  0.8593  0.8532  0.8538  0.8702  0.8738  0.8740  0.8927  0.9030  0.9138  0.9184  0.9296  0.9346  0.9413  0.9456  0.9571  0.9595  0.9528  0.9498
    17  1001  432  616044.00  5449447.20  49.186842  16.592541  0.8945  0.8897  0.8844  0.8632  0.8542  0.8422  0.8470  0.8607  0.8717  0.8688  0.8777  0.8885  0.9018  0.9077  0.9264  0.9287  0.9360  0.9415  0.9490  0.9580  0.9543  0.9452
    18  1000  432  616043.40  5449447.20  49.186842  16.592533  0.8914  0.8921  0.8917  0.8660  0.8547  0.8411  0.8521  0.8645  0.8632  0.8773  0.8863  0.8923  0.9099  0.9143  0.9213  0.9269  0.9382  0.9453  0.9526  0.9561  0.9582  0.9516
    19   997  432  616041.60  5449447.20  49.186843  16.592508  0.8841  0.8835  0.8808  0.8632  0.8537  0.8413  0.8406  0.8538  0.8583  0.8689  0.8831  0.8892  0.9008  0.9076  0.9197  0.9246  0.9334  0.9428  0.9464  0.9468  0.9457  0.9575
    20   996  433  616041.00  5449446.60  49.186837  16.592500  0.8993  0.8980  0.8950  0.8714  0.8589  0.8575  0.8530  0.8737  0.8690  0.8808  0.8849  0.8974  0.9115  0.9142  0.9269  0.9404  0.9491  0.9547  0.9577  0.9546  0.9530  0.9594
    21   997  433  616041.60  5449446.60  49.186837  16.592508  0.8924  0.8916  0.8902  0.8695  0.8526  0.8504  0.8481  0.8639  0.8633  0.8816  0.8836  0.8887  0.9082  0.9031  0.9242  0.9344  0.9380  0.9553  0.9583  0.9544  0.9455  0.9515
    22   998  433  616042.20  5449446.60  49.186837  16.592516  0.9037  0.9009  0.8949  0.8709  0.8609  0.8543  0.8532  0.8678  0.8755  0.8818  0.8931  0.8995  0.9148  0.9196  0.9217  0.9317  0.9426  0.9432  0.9591  0.9542  0.9436  0.9595
    23   999  433  616042.80  5449446.60  49.186837  16.592525  0.9060  0.9023  0.9000  0.8773  0.8593  0.8532  0.8538  0.8702  0.8738  0.8740  0.8927  0.9030  0.9138  0.9184  0.9296  0.9346  0.9413  0.9456  0.9571  0.9595  0.9528  0.9498
    24  1003  433  616045.20  5449446.60  49.186836  16.592558  0.9077  0.8990  0.8942  0.8723  0.8623  0.8514  0.8550  0.8701  0.8795  0.8830  0.8995  0.9040  0.9062  0.9254  0.9362  0.9416  0.9458  0.9517  0.9593  0.9541  0.9559  0.9557
    25  1004  433  616045.80  5449446.60  49.186836  16.592566  0.9039  0.8982  0.8932  0.8715  0.8595  0.8524  0.8570  0.8736  0.8760  0.8851  0.8952  0.9042  0.9106  0.9260  0.9352  0.9409  0.9534  0.9549  0.9595  0.9591  0.9602  0.9568
    26  1000  433  616043.40  5449446.60  49.186837  16.592533  0.9027  0.8982  0.8935  0.8718  0.8546  0.8506  0.8559  0.8699  0.8778  0.8808  0.8760  0.8994  0.9046  0.9183  0.9299  0.9367  0.9487  0.9591  0.9580  0.9517  0.9580  0.9561
    27  1001  433  616044.00  5449446.60  49.186837  16.592541  0.9056  0.8992  0.8972  0.8771  0.8644  0.8554  0.8575  0.8738  0.8661  0.8746  0.8822  0.8934  0.9096  0.9208  0.9339  0.9378  0.9403  0.9511  0.9593  0.9570  0.9508  0.9413
    28   993  433  616039.20  5449446.60  49.186838  16.592475  0.8987  0.8932  0.8885  0.8696  0.8615  0.8539  0.8416  0.8730  0.8704  0.8826  0.8863  0.8949  0.9119  0.9201  0.9402  0.9376  0.9377  0.9508  0.9563  0.9588  0.9522  0.9475
    29   994  433  616039.80  5449446.60  49.186838  16.592483  0.9010  0.8982  0.8952  0.8691  0.8573  0.8460  0.8544  0.8564  0.8698  0.8827  0.8849  0.8946  0.9104  0.9231  0.9259  0.9334  0.9431  0.9539  0.9586  0.9539  0.9498  0.9524
    30  1002  433  616044.60  5449446.60  49.186837  16.592549  0.9077  0.8990  0.8942  0.8723  0.8623  0.8514  0.8550  0.8701  0.8795  0.8830  0.8995  0.9040  0.9062  0.9254  0.9362  0.9416  0.9458  0.9517  0.9593  0.9541  0.9559  0.9557
    31   995  433  616040.40  5449446.60  49.186837  16.592492  0.9010  0.8982  0.8952  0.8691  0.8573  0.8460  0.8544  0.8564  0.8698  0.8827  0.8849  0.8946  0.9104  0.9231  0.9259  0.9334  0.9431  0.9539  0.9586  0.9539  0.9498  0.9524
    32  1003  434  616045.20  5449446.00  49.186831  16.592557  0.8897  0.8865  0.8787  0.8559  0.8514  0.8445  0.8441  0.8585  0.8628  0.8763  0.8795  0.8885  0.9001  0.9185  0.9289  0.9201  0.9450  0.9474  0.9529  0.9581  0.9560  0.9445
    33  1004  434  616045.80  5449446.00  49.186831  16.592566  0.9060  0.8992  0.8933  0.8720  0.8605  0.8610  0.8576  0.8734  0.8809  0.8783  0.8883  0.8963  0.9107  0.9192  0.9263  0.9378  0.9492  0.9523  0.9576  0.9598  0.9451  0.9532
    34  1002  434  616044.60  5449446.00  49.186831  16.592549  0.8971  0.8872  0.8812  0.8642  0.8475  0.8443  0.8512  0.8535  0.8672  0.8748  0.8767  0.8926  0.8973  0.9182  0.9242  0.9393  0.9414  0.9475  0.9549  0.9583  0.9521  0.9575
    35  1001  434  616044.00  5449446.00  49.186831  16.592541  0.8972  0.8927  0.8880  0.8696  0.8589  0.8493  0.8515  0.8610  0.8703  0.8763  0.8756  0.8895  0.9061  0.9165  0.9272  0.9309  0.9428  0.9455  0.9549  0.9546  0.9586  0.9459
    36  1000  434  616043.40  5449446.00  49.186831  16.592533  0.9140  0.9117  0.9092  0.8858  0.8721  0.8615  0.8646  0.8817  0.8823  0.8893  0.8902  0.9115  0.9140  0.9271  0.9379  0.9328  0.9535  0.9569  0.9587  0.9531  0.9568  0.9607
    37   994  434  616039.80  5449446.00  49.186832  16.592483  0.8931  0.8952  0.8960  0.8728  0.8600  0.8507  0.8486  0.8666  0.8688  0.8767  0.8880  0.9016  0.9003  0.9215  0.9191  0.9356  0.9406  0.9499  0.9507  0.9548  0.9522  0.9588
    38   993  434  616039.20  5449446.00  49.186832  16.592475  0.8945  0.8899  0.8902  0.8756  0.8646  0.8596  0.8455  0.8656  0.8818  0.8823  0.8975  0.8970  0.9203  0.9228  0.9318  0.9415  0.9451  0.9577  0.9590  0.9552  0.9529  0.9563
    39  1001  435  616044.00  5449445.40  49.186826  16.592541  0.8932  0.8878  0.8826  0.8617  0.8498  0.8411  0.8516  0.8564  0.8647  0.8765  0.8752  0.8929  0.9010  0.9258  0.9146  0.9193  0.9440  0.9520  0.9533  0.9527  0.9558  0.9580
    40  1004  435  616045.80  5449445.40  49.186826  16.592565  0.9118  0.9029  0.8955  0.8771  0.8697  0.8598  0.8582  0.8599  0.8749  0.8866  0.8910  0.8945  0.9046  0.9219  0.9335  0.9363  0.9440  0.9530  0.9587  0.9588  0.9595  0.9600
    41  1002  435  616044.60  5449445.40  49.186826  16.592549  0.8971  0.8872  0.8812  0.8642  0.8475  0.8443  0.8512  0.8535  0.8672  0.8748  0.8767  0.8926  0.8973  0.9182  0.9242  0.9393  0.9414  0.9475  0.9549  0.9583  0.9521  0.9575
    42  1003  435  616045.20  5449445.40  49.186826  16.592557  0.8907  0.8854  0.8763  0.8557  0.8505  0.8420  0.8426  0.8601  0.8596  0.8674  0.8725  0.8927  0.9017  0.9166  0.9236  0.9315  0.9427  0.9528  0.9576  0.9524  0.9451  0.9437
    43  1003  436  616045.20  5449444.80  49.186820  16.592557  0.9017  0.8970  0.8889  0.8633  0.8542  0.8464  0.8558  0.8716  0.8716  0.8798  0.8873  0.8977  0.9180  0.9181  0.9292  0.9349  0.9496  0.9512  0.9588  0.9588  0.9542  0.9579
    44  1004  436  616045.80  5449444.80  49.186820  16.592565  0.8943  0.8900  0.8858  0.8639  0.8497  0.8460  0.8481  0.8572  0.8621  0.8764  0.8710  0.8892  0.9034  0.9144  0.9227  0.9291  0.9426  0.9494  0.9580  0.9489  0.9533  0.9493
    45  1005  436  616046.40  5449444.80  49.186820  16.592573  0.8974  0.8908  0.8857  0.8679  0.8616  0.8533  0.8590  0.8647  0.8790  0.8846  0.8867  0.9121  0.9038  0.9222  0.9306  0.9321  0.9493  0.9516  0.9556  0.9594  0.9554  0.9548
    46  1002  436  616044.60  5449444.80  49.186820  16.592549  0.9017  0.8970  0.8889  0.8633  0.8542  0.8464  0.8558  0.8716  0.8716  0.8798  0.8873  0.8977  0.9180  0.9181  0.9292  0.9349  0.9496  0.9512  0.9588  0.9588  0.9542  0.9579
    47  1005  437  616046.40  5449444.20  49.186815  16.592573  0.8831  0.8800  0.8799  0.8573  0.8494  0.8470  0.8421  0.8578  0.8669  0.8697  0.8710  0.8821  0.8906  0.9114  0.9272  0.9275  0.9372  0.9514  0.9471  0.9518  0.9576  0.9443
    48  1003  437  616045.20  5449444.20  49.186815  16.592557  0.8956  0.8869  0.8819  0.8627  0.8469  0.8461  0.8423  0.8611  0.8662  0.8751  0.8829  0.8931  0.9081  0.9135  0.9208  0.9301  0.9469  0.9508  0.9510  0.9550  0.9581  0.9435
    49  1004  437  616045.80  5449444.20  49.186815  16.592565  0.8956  0.8869  0.8819  0.8627  0.8469  0.8461  0.8423  0.8611  0.8662  0.8751  0.8829  0.8931  0.9081  0.9135  0.9208  0.9301  0.9469  0.9508  0.9510  0.9550  0.9581  0.9435
    50  1002  437  616044.60  5449444.20  49.186815  16.592549  0.8849  0.8812  0.8736  0.8515  0.8451  0.8335  0.8428  0.8533  0.8571  0.8679  0.8706  0.8847  0.8971  0.9127  0.9141  0.9199  0.9291  0.9412  0.9567  0.9502  0.9423  0.9518
    51  1005  438  616046.40  5449443.60  49.186809  16.592573  0.8952  0.8916  0.8877  0.8668  0.8554  0.8467  0.8501  0.8675  0.8671  0.8717  0.8827  0.8910  0.9051  0.9178  0.9301  0.9359  0.9405  0.9461  0.9451  0.9585  0.9573  0.9421
    52  1004  438  616045.80  5449443.60  49.186809  16.592565  0.8912  0.8849  0.8819  0.8621  0.8482  0.8450  0.8466  0.8649  0.8617  0.8734  0.8771  0.8883  0.9040  0.9157  0.9258  0.9331  0.9384  0.9469  0.9579  0.9509  0.9571  0.9491
    53  1003  438  616045.20  5449443.60  49.186810  16.592557  0.8983  0.8894  0.8854  0.8727  0.8604  0.8451  0.8466  0.8710  0.8602  0.8720  0.8842  0.8978  0.9008  0.9147  0.9257  0.9365  0.9439  0.9497  0.9558  0.9525  0.9517  0.9585
    54  1002  438  616044.60  5449443.60  49.186810  16.592548  0.8916  0.8870  0.8831  0.8617  0.8544  0.8458  0.8474  0.8643  0.8641  0.8706  0.8770  0.8961  0.9060  0.9221  0.9234  0.9288  0.9374  0.9440  0.9525  0.9504  0.9582  0.9523
    55  1004  439  616045.80  5449443.00  49.186804  16.592565  0.8866  0.8805  0.8740  0.8561  0.8511  0.8451  0.8447  0.8659  0.8618  0.8741  0.8838  0.8924  0.9032  0.9114  0.9235  0.9338  0.9359  0.9537  0.9578  0.9471  0.9542  0.9486
    56  1005  439  616046.40  5449443.00  49.186804  16.592573  0.8970  0.8910  0.8842  0.8680  0.8629  0.8490  0.8499  0.8666  0.8693  0.8773  0.8753  0.8901  0.9043  0.9174  0.9303  0.9296  0.9388  0.9509  0.9584  0.9509  0.9531  0.9500
    57  1006  439  616047.00  5449443.00  49.186804  16.592581  0.8165  0.8271  0.8509  0.8375  0.8380  0.8338  0.8386  0.8609  0.8692  0.8742  0.8897  0.9045  0.9091  0.9198  0.9447  0.9390  0.9503  0.9472  0.9543  0.9568  0.9558  0.9519
    58  1002  439  616044.60  5449443.00  49.186804  16.592548  0.8954  0.8929  0.8838  0.8565  0.8505  0.8455  0.8509  0.8682  0.8693  0.8777  0.8857  0.8861  0.9119  0.9134  0.9348  0.9380  0.9487  0.9534  0.9575  0.9543  0.9585  0.9458
    59  1003  439  616045.20  5449443.00  49.186804  16.592556  0.8911  0.8820  0.8746  0.8591  0.8589  0.8491  0.8504  0.8629  0.8664  0.8757  0.8775  0.8924  0.9004  0.9146  0.9259  0.9281  0.9444  0.9491  0.9555  0.9585  0.9527  0.9513
    60  1002  440  616044.60  5449442.40  49.186799  16.592548  0.8910  0.8888  0.8869  0.8651  0.8566  0.8495  0.8523  0.8589  0.8651  0.8751  0.8823  0.8895  0.9121  0.9178  0.9357  0.9329  0.9456  0.9455  0.9528  0.9493  0.9500  0.9586
    61  1005  440  616046.40  5449442.40  49.186798  16.592573  0.8902  0.8848  0.8844  0.8649  0.8538  0.8490  0.8481  0.8638  0.8581  0.8693  0.8782  0.8852  0.9052  0.9081  0.9238  0.9239  0.9388  0.9513  0.9540  0.9508  0.9478  0.9582
    62  1006  440  616047.00  5449442.40  49.186798  16.592581  0.8471  0.8501  0.8733  0.8598  0.8593  0.8476  0.8470  0.8596  0.8682  0.8729  0.8845  0.8930  0.9019  0.9029  0.9310  0.9354  0.9442  0.9395  0.9531  0.9518  0.9577  0.9422
    63  1003  440  616045.20  5449442.40  49.186799  16.592556  0.8897  0.8908  0.8846  0.8602  0.8537  0.8485  0.8413  0.8521  0.8670  0.8763  0.8766  0.8814  0.8996  0.9111  0.9222  0.9232  0.9370  0.9474  0.9565  0.9471  0.9578  0.9482
    64  1004  440  616045.80  5449442.40  49.186799  16.592565  0.8909  0.8784  0.8721  0.8563  0.8463  0.8440  0.8479  0.8577  0.8623  0.8761  0.8743  0.8876  0.8999  0.9141  0.9173  0.9262  0.9373  0.9460  0.9472  0.9480  0.9576  0.9471
    65  1005  441  616046.40  5449441.80  49.186793  16.592573  0.8897  0.8825  0.8769  0.8606  0.8576  0.8484  0.8447  0.8619  0.8627  0.8797  0.8780  0.8881  0.9046  0.9132  0.9367  0.9275  0.9343  0.9457  0.9472  0.9459  0.9579  0.9403
    66  1006  441  616047.00  5449441.80  49.186793  16.592581  0.8895  0.8872  0.8980  0.8762  0.8709  0.8640  0.8664  0.8804  0.8781  0.8813  0.8884  0.9098  0.9150  0.9211  0.9398  0.9391  0.9477  0.9498  0.9501  0.9604  0.9551  0.9471
    67  1003  441  616045.20  5449441.80  49.186793  16.592556  0.8968  0.8903  0.8879  0.8689  0.8537  0.8486  0.8485  0.8657  0.8649  0.8753  0.8826  0.8909  0.9050  0.9179  0.9212  0.9289  0.9420  0.9570  0.9585  0.9557  0.9551  0.9523
    68  1004  441  616045.80  5449441.80  49.186793  16.592564  0.8909  0.8784  0.8721  0.8563  0.8463  0.8440  0.8479  0.8577  0.8623  0.8761  0.8743  0.8876  0.8999  0.9141  0.9173  0.9262  0.9373  0.9460  0.9472  0.9480  0.9576  0.9471
    69  1003  442  616045.20  5449441.20  49.186788  16.592556  0.8996  0.8947  0.8933  0.8744  0.8704  0.8532  0.8595  0.8779  0.8789  0.8938  0.8891  0.9033  0.9152  0.9262  0.9339  0.9402  0.9471  0.9578  0.9596  0.9579  0.9590  0.9595
    70  1006  442  616047.00  5449441.20  49.186788  16.592581  0.9013  0.8928  0.8903  0.8754  0.8716  0.8639  0.8595  0.8769  0.8741  0.8891  0.8905  0.9047  0.9208  0.9189  0.9233  0.9364  0.9424  0.9526  0.9597  0.9541  0.9552  0.9465
    71  1004  442  616045.80  5449441.20  49.186788  16.592564  0.8909  0.8877  0.8853  0.8653  0.8552  0.8497  0.8527  0.8732  0.8781  0.8792  0.8854  0.8960  0.9007  0.9135  0.9338  0.9334  0.9413  0.9469  0.9585  0.9530  0.9496  0.9412
    72  1005  442  616046.40  5449441.20  49.186788  16.592572  0.8909  0.8877  0.8853  0.8653  0.8552  0.8497  0.8527  0.8732  0.8781  0.8792  0.8854  0.8960  0.9007  0.9135  0.9338  0.9334  0.9413  0.9469  0.9585  0.9530  0.9496  0.9412
    73  1007  443  616047.60  5449440.60  49.186782  16.592589  0.9052  0.9006  0.8944  0.8748  0.8718  0.8731  0.8683  0.8800  0.8815  0.8865  0.8943  0.9088  0.9233  0.9281  0.9379  0.9428  0.9481  0.9516  0.9609  0.9605  0.9607  0.9550
    74  1004  443  616045.80  5449440.60  49.186782  16.592564  0.9001  0.8934  0.8896  0.8726  0.8667  0.8599  0.8627  0.8716  0.8759  0.8880  0.8935  0.8985  0.9166  0.9255  0.9331  0.9455  0.9461  0.9535  0.9598  0.9515  0.9531  0.9538
    75  1006  443  616047.00  5449440.60  49.186782  16.592580  0.8944  0.8880  0.8837  0.8658  0.8592  0.8487  0.8564  0.8726  0.8659  0.8842  0.8905  0.8963  0.9072  0.9117  0.9250  0.9339  0.9388  0.9456  0.9467  0.9425  0.9585  0.9466
    76  1005  443  616046.40  5449440.60  49.186782  16.592572  0.8975  0.8930  0.8907  0.8738  0.8713  0.8586  0.8627  0.8767  0.8784  0.8892  0.8959  0.9052  0.9145  0.9259  0.9230  0.9393  0.9453  0.9524  0.9507  0.9544  0.9598  0.9475
    77  1003  443  616045.20  5449440.60  49.186783  16.592556  0.8908  0.8868  0.8814  0.8635  0.8625  0.8570  0.8495  0.8716  0.8707  0.8798  0.8831  0.9018  0.9154  0.9209  0.9299  0.9377  0.9455  0.9531  0.9587  0.9526  0.9515  0.9460
    78  1007  444  616047.60  5449440.00  49.186777  16.592589  0.8624  0.8588  0.8655  0.8600  0.8531  0.8495  0.8557  0.8730  0.8667  0.8825  0.8828  0.8958  0.9131  0.9155  0.9267  0.9317  0.9434  0.9467  0.9501  0.9483  0.9466  0.9582
    79  1006  444  616047.00  5449440.00  49.186777  16.592580  0.8976  0.8919  0.8900  0.8765  0.8716  0.8651  0.8665  0.8780  0.8863  0.8879  0.9044  0.9108  0.9125  0.9265  0.9244  0.9395  0.9471  0.9537  0.9524  0.9586  0.9605  0.9463
    80  1004  444  616045.80  5449440.00  49.186777  16.592564  0.8890  0.8836  0.8807  0.8617  0.8507  0.8498  0.8562  0.8646  0.8755  0.8812  0.8800  0.8903  0.9117  0.9166  0.9254  0.9330  0.9424  0.9499  0.9584  0.9579  0.9545  0.9399
    81  1005  444  616046.40  5449440.00  49.186777  16.592572  0.8975  0.8930  0.8907  0.8738  0.8713  0.8586  0.8627  0.8767  0.8784  0.8892  0.8959  0.9052  0.9145  0.9259  0.9230  0.9393  0.9453  0.9524  0.9507  0.9544  0.9598  0.9475
    82  1007  445  616047.60  5449439.40  49.186771  16.592588  0.8982  0.8959  0.8924  0.8747  0.8698  0.8630  0.8666  0.8813  0.8827  0.8902  0.8974  0.9042  0.9133  0.9210  0.9264  0.9395  0.9390  0.9517  0.9602  0.9560  0.9594  0.9551
    83  1004  445  616045.80  5449439.40  49.186772  16.592564  0.8924  0.8873  0.8860  0.8696  0.8657  0.8546  0.8550  0.8729  0.8698  0.8861  0.8893  0.9015  0.9120  0.9251  0.9365  0.9392  0.9480  0.9557  0.9593  0.9521  0.9477  0.9553
    84  1005  445  616046.40  5449439.40  49.186772  16.592572  0.8940  0.8863  0.8862  0.8733  0.8670  0.8582  0.8575  0.8761  0.8772  0.8870  0.8941  0.9010  0.9160  0.9294  0.9200  0.9404  0.9535  0.9541  0.9547  0.9537  0.9537  0.9598
    85  1006  445  616047.00  5449439.40  49.186771  16.592580  0.9023  0.8981  0.8977  0.8768  0.8654  0.8660  0.8673  0.8878  0.8823  0.8911  0.8997  0.9097  0.9191  0.9251  0.9225  0.9501  0.9444  0.9519  0.9593  0.9572  0.9607  0.9522
    86  1007  446  616047.60  5449438.80  49.186766  16.592588  0.9060  0.9012  0.9017  0.8843  0.8794  0.8704  0.8742  0.8849  0.8916  0.9044  0.8963  0.9160  0.9270  0.9308  0.9287  0.9456  0.9549  0.9568  0.9614  0.9582  0.9612  0.9548
    87  1005  446  616046.40  5449438.80  49.186766  16.592572  0.8974  0.8946  0.8896  0.8721  0.8676  0.8561  0.8640  0.8769  0.8842  0.8836  0.8915  0.8999  0.9205  0.9171  0.9278  0.9484  0.9433  0.9530  0.9531  0.9599  0.9584  0.9561
    88  1004  446  616045.80  5449438.80  49.186766  16.592564  0.8952  0.8925  0.8910  0.8728  0.8677  0.8632  0.8571  0.8742  0.8787  0.8814  0.9031  0.8993  0.9175  0.9202  0.9290  0.9420  0.9440  0.9475  0.9590  0.9533  0.9598  0.9563
    89  1006  446  616047.00  5449438.80  49.186766  16.592580  0.8974  0.8946  0.8896  0.8721  0.8676  0.8561  0.8640  0.8769  0.8842  0.8836  0.8915  0.8999  0.9205  0.9171  0.9278  0.9484  0.9433  0.9530  0.9531  0.9599  0.9584  0.9561
    90  1004  447  616045.80  5449438.20  49.186761  16.592563  0.8891  0.8897  0.8928  0.8700  0.8635  0.8627  0.8575  0.8758  0.8780  0.8866  0.8955  0.9064  0.9164  0.9173  0.9307  0.9396  0.9429  0.9503  0.9596  0.9566  0.9543  0.9580
    91  1005  447  616046.40  5449438.20  49.186761  16.592572  0.8964  0.8935  0.8917  0.8734  0.8611  0.8560  0.8699  0.8755  0.8841  0.8874  0.8917  0.8965  0.9129  0.9222  0.9302  0.9371  0.9452  0.9545  0.9596  0.9534  0.9574  0.9583
    92  1007  447  616047.60  5449438.20  49.186761  16.592588  0.8994  0.8963  0.8962  0.8784  0.8715  0.8614  0.8610  0.8824  0.8833  0.8940  0.9001  0.9045  0.9172  0.9240  0.9285  0.9392  0.9560  0.9478  0.9556  0.9579  0.9603  0.9583
    93  1006  447  616047.00  5449438.20  49.186761  16.592580  0.9029  0.8983  0.8957  0.8774  0.8678  0.8684  0.8703  0.8859  0.8817  0.8968  0.8988  0.9041  0.9143  0.9268  0.9351  0.9387  0.9544  0.9572  0.9573  0.9571  0.9610  0.9591
    94   981  448  616032.00  5449437.60  49.186758  16.592374  0.9002  0.8977  0.9030  0.8889  0.8764  0.8634  0.8706  0.8798  0.8863  0.8823  0.9065  0.9097  0.9164  0.9349  0.9388  0.9465  0.9536  0.9536  0.9562  0.9610  0.9588  0.9585
    95   985  448  616034.40  5449437.60  49.186758  16.592407  0.9075  0.9013  0.8981  0.8841  0.8823  0.8719  0.8645  0.8897  0.8913  0.8993  0.9038  0.9150  0.9244  0.9315  0.9419  0.9431  0.9486  0.9487  0.9544  0.9612  0.9594  0.9540
    96   986  448  616035.00  5449437.60  49.186757  16.592415  0.8905  0.8949  0.8988  0.8822  0.8719  0.8577  0.8738  0.8878  0.8865  0.8923  0.9008  0.9081  0.9221  0.9279  0.9342  0.9459  0.9462  0.9560  0.9602  0.9517  0.9586  0.9589
    97  1006  448  616047.00  5449437.60  49.186755  16.592580  0.9029  0.8983  0.8957  0.8774  0.8678  0.8684  0.8703  0.8859  0.8817  0.8968  0.8988  0.9041  0.9143  0.9268  0.9351  0.9387  0.9544  0.9572  0.9573  0.9571  0.9610  0.9591
    98  1005  448  616046.40  5449437.60  49.186755  16.592571  0.9001  0.8920  0.8894  0.8729  0.8628  0.8576  0.8656  0.8779  0.8804  0.8859  0.8951  0.9152  0.9183  0.9254  0.9344  0.9439  0.9437  0.9543  0.9598  0.9565  0.9568  0.9435
    99   982  448  616032.60  5449437.60  49.186758  16.592382  0.9056  0.8976  0.8963  0.8833  0.8720  0.8623  0.8702  0.8785  0.8806  0.8921  0.8980  0.9027  0.9100  0.9301  0.9292  0.9417  0.9412  0.9463  0.9491  0.9426  0.9602  0.9456
   100   983  448  616033.20  5449437.60  49.186758  16.592390  0.9079  0.9030  0.8986  0.8836  0.8769  0.8669  0.8696  0.8785  0.8853  0.8959  0.9006  0.9051  0.9160  0.9291  0.9378  0.9497  0.9574  0.9588  0.9610  0.9583  0.9543  0.9569
   101   984  448  616033.80  5449437.60  49.186758  16.592399  0.9079  0.9030  0.8986  0.8836  0.8769  0.8669  0.8696  0.8785  0.8853  0.8959  0.9006  0.9051  0.9160  0.9291  0.9378  0.9497  0.9574  0.9588  0.9610  0.9583  0.9543  0.9569
   102  1004  448  616045.80  5449437.60  49.186755  16.592563  0.8895  0.8868  0.8922  0.8753  0.8630  0.8612  0.8647  0.8760  0.8748  0.8910  0.8976  0.9023  0.9120  0.9107  0.9166  0.9300  0.9487  0.9528  0.9596  0.9485  0.9441  0.9483
   103  1007  448  616047.60  5449437.60  49.186755  16.592588  0.8931  0.8867  0.8864  0.8714  0.8616  0.8563  0.8637  0.8731  0.8771  0.8897  0.8932  0.9047  0.9157  0.9228  0.9313  0.9399  0.9448  0.9495  0.9553  0.9597  0.9500  0.9420
   104   986  449  616035.00  5449437.00  49.186752  16.592415  0.8951  0.8977  0.9015  0.8837  0.8721  0.8559  0.8712  0.8852  0.8824  0.8933  0.8932  0.9023  0.9167  0.9239  0.9365  0.9422  0.9407  0.9532  0.9568  0.9480  0.9503  0.9600
   105   982  449  616032.60  5449437.00  49.186753  16.592382  0.9057  0.9043  0.8995  0.8792  0.8790  0.8641  0.8632  0.8835  0.8812  0.8928  0.9042  0.9087  0.9101  0.9193  0.9332  0.9335  0.9467  0.9487  0.9538  0.9554  0.9605  0.9466
   106   983  449  616033.20  5449437.00  49.186752  16.592390  0.9120  0.9055  0.9046  0.8909  0.8787  0.8694  0.8750  0.8829  0.9020  0.9021  0.9029  0.9168  0.9225  0.9326  0.9411  0.9548  0.9512  0.9536  0.9588  0.9583  0.9597  0.9617
   107   981  449  616032.00  5449437.00  49.186753  16.592374  0.9035  0.8937  0.8945  0.8808  0.8679  0.8661  0.8660  0.8756  0.8822  0.8953  0.8947  0.9055  0.9106  0.9244  0.9291  0.9361  0.9379  0.9564  0.9545  0.9447  0.9548  0.9606
   108  1005  449  616046.40  5449437.00  49.186750  16.592571  0.8991  0.8930  0.8871  0.8700  0.8638  0.8578  0.8633  0.8817  0.8768  0.8896  0.8977  0.8991  0.9133  0.9173  0.9256  0.9330  0.9408  0.9423  0.9551  0.9598  0.9526  0.9566
   109  1006  449  616047.00  5449437.00  49.186750  16.592579  0.8826  0.8775  0.8768  0.8618  0.8577  0.8399  0.8541  0.8700  0.8683  0.8833  0.8840  0.8945  0.9038  0.9089  0.9231  0.9272  0.9469  0.9445  0.9578  0.9396  0.9578  0.9503
   110   985  449  616034.40  5449437.00  49.186752  16.592407  0.9110  0.9026  0.8999  0.8894  0.8838  0.8670  0.8614  0.8840  0.8901  0.8916  0.9023  0.9090  0.9229  0.9315  0.9408  0.9500  0.9502  0.9607  0.9531  0.9571  0.9520  0.9590
   111   984  449  616033.80  5449437.00  49.186752  16.592398  0.9068  0.9002  0.8983  0.8828  0.8737  0.8674  0.8634  0.8775  0.8868  0.8920  0.9041  0.9151  0.9210  0.9304  0.9386  0.9530  0.9434  0.9561  0.9607  0.9590  0.9590  0.9590
   112  1004  449  616045.80  5449437.00  49.186750  16.592563  0.9000  0.8931  0.8964  0.8832  0.8696  0.8616  0.8609  0.8861  0.8808  0.8938  0.8967  0.9043  0.9281  0.9268  0.9428  0.9445  0.9461  0.9517  0.9571  0.9605  0.9548  0.9593
   113  1007  449  616047.60  5449437.00  49.186750  16.592588  0.8898  0.8895  0.8924  0.8704  0.8641  0.8612  0.8562  0.8774  0.8844  0.8885  0.9033  0.9074  0.9185  0.9327  0.9310  0.9407  0.9466  0.9526  0.9597  0.9612  0.9586  0.9467
   114  1008  449  616048.20  5449437.00  49.186750  16.592596  0.9106  0.9044  0.9009  0.8849  0.8760  0.8736  0.8770  0.8943  0.8930  0.9021  0.9076  0.9159  0.9221  0.9288  0.9439  0.9441  0.9555  0.9540  0.9578  0.9588  0.9620  0.9612
   115   985  450  616034.40  5449436.40  49.186747  16.592406  0.8958  0.8991  0.9018  0.8844  0.8711  0.8596  0.8654  0.8762  0.8747  0.8865  0.8961  0.9131  0.9129  0.9351  0.9247  0.9394  0.9444  0.9433  0.9545  0.9552  0.9593  0.9602
   116  1004  450  616045.80  5449436.40  49.186745  16.592563  0.9000  0.8931  0.8964  0.8832  0.8696  0.8616  0.8609  0.8861  0.8808  0.8938  0.8967  0.9043  0.9281  0.9268  0.9428  0.9445  0.9461  0.9517  0.9571  0.9605  0.9548  0.9593
   117   986  450  616035.00  5449436.40  49.186747  16.592415  0.8915  0.8915  0.8948  0.8822  0.8773  0.8710  0.8712  0.8782  0.8821  0.8883  0.9040  0.9069  0.9177  0.9270  0.9319  0.9414  0.9406  0.9514  0.9610  0.9602  0.9579  0.9491
   118   982  450  616032.60  5449436.40  49.186747  16.592382  0.9094  0.8968  0.8958  0.8853  0.8724  0.8685  0.8688  0.8820  0.8838  0.8926  0.8965  0.9056  0.9209  0.9340  0.9348  0.9461  0.9520  0.9528  0.9586  0.9548  0.9611  0.9581
   119  1008  450  616048.20  5449436.40  49.186744  16.592596  0.9086  0.9073  0.9022  0.8809  0.8752  0.8659  0.8678  0.8906  0.8885  0.8966  0.9017  0.9138  0.9180  0.9274  0.9330  0.9351  0.9538  0.9525  0.9551  0.9570  0.9610  0.9607
   120  1005  450  616046.40  5449436.40  49.186745  16.592571  0.8960  0.8918  0.8903  0.8748  0.8698  0.8619  0.8590  0.8815  0.8830  0.8877  0.8899  0.8994  0.9092  0.9208  0.9353  0.9359  0.9455  0.9527  0.9570  0.9582  0.9598  0.9411
   121  1006  450  616047.00  5449436.40  49.186744  16.592579  0.8971  0.8891  0.8848  0.8705  0.8670  0.8554  0.8625  0.8770  0.8796  0.8911  0.8911  0.9009  0.9153  0.9248  0.9369  0.9393  0.9448  0.9553  0.9595  0.9554  0.9568  0.9536
   122   984  450  616033.80  5449436.40  49.186747  16.592398  0.9053  0.9035  0.8996  0.8778  0.8695  0.8680  0.8619  0.8792  0.8839  0.8950  0.8976  0.9031  0.9205  0.9303  0.9455  0.9487  0.9476  0.9568  0.9578  0.9526  0.9606  0.9580
   123   983  450  616033.20  5449436.40  49.186747  16.592390  0.9053  0.9035  0.8996  0.8778  0.8695  0.8680  0.8619  0.8792  0.8839  0.8950  0.8976  0.9031  0.9205  0.9303  0.9455  0.9487  0.9476  0.9568  0.9578  0.9526  0.9606  0.9580
   124  1007  450  616047.60  5449436.40  49.186744  16.592588  0.8971  0.8891  0.8848  0.8705  0.8670  0.8554  0.8625  0.8770  0.8796  0.8911  0.8911  0.9009  0.9153  0.9248  0.9369  0.9393  0.9448  0.9553  0.9595  0.9554  0.9568  0.9536
   125  1007  451  616047.60  5449435.80  49.186739  16.592587  0.8935  0.8897  0.8934  0.8788  0.8707  0.8635  0.8639  0.8876  0.8837  0.8840  0.8976  0.9061  0.9131  0.9194  0.9358  0.9416  0.9410  0.9550  0.9578  0.9599  0.9571  0.9605
   126  1004  451  616045.80  5449435.80  49.186739  16.592563  0.9036  0.9012  0.8973  0.8774  0.8718  0.8595  0.8640  0.8812  0.8819  0.8917  0.8989  0.9122  0.9224  0.9246  0.9342  0.9483  0.9509  0.9588  0.9563  0.9605  0.9605  0.9573
   127  1005  451  616046.40  5449435.80  49.186739  16.592571  0.9036  0.9012  0.8973  0.8774  0.8718  0.8595  0.8640  0.8812  0.8819  0.8917  0.8989  0.9122  0.9224  0.9246  0.9342  0.9483  0.9509  0.9588  0.9563  0.9605  0.9605  0.9573
   128  1006  451  616047.00  5449435.80  49.186739  16.592579  0.9005  0.8951  0.8969  0.8788  0.8614  0.8579  0.8651  0.8832  0.8845  0.8957  0.8971  0.9164  0.9160  0.9250  0.9327  0.9409  0.9448  0.9553  0.9599  0.9556  0.9469  0.9485
   129   984  451  616033.80  5449435.80  49.186742  16.592398  0.8973  0.8930  0.8911  0.8759  0.8632  0.8510  0.8614  0.8742  0.8674  0.8900  0.8856  0.8997  0.9158  0.9196  0.9305  0.9390  0.9347  0.9472  0.9549  0.9473  0.9591  0.9440
   130   983  451  616033.20  5449435.80  49.186742  16.592390  0.9071  0.9001  0.8930  0.8766  0.8718  0.8574  0.8654  0.8840  0.8812  0.8911  0.9015  0.9052  0.9192  0.9228  0.9339  0.9527  0.9543  0.9585  0.9602  0.9563  0.9606  0.9573
   131   985  451  616034.40  5449435.80  49.186741  16.592406  0.8895  0.8838  0.8869  0.8723  0.8625  0.8510  0.8590  0.8727  0.8667  0.8788  0.8852  0.8925  0.9083  0.9128  0.9203  0.9355  0.9377  0.9426  0.9528  0.9558  0.9587  0.9496
   132   982  451  616032.60  5449435.80  49.186742  16.592382  0.8990  0.8934  0.8929  0.8744  0.8604  0.8671  0.8585  0.8833  0.8762  0.8920  0.8938  0.9087  0.9177  0.9390  0.9304  0.9517  0.9491  0.9555  0.9600  0.9614  0.9585  0.9491
   133   986  451  616035.00  5449435.80  49.186741  16.592414  0.9016  0.8987  0.8967  0.8761  0.8711  0.8725  0.8720  0.8805  0.8757  0.8949  0.8950  0.9083  0.9214  0.9274  0.9311  0.9523  0.9452  0.9516  0.9545  0.9596  0.9577  0.9614
   134  1008  451  616048.20  5449435.80  49.186739  16.592596  0.9060  0.9015  0.8970  0.8800  0.8777  0.8613  0.8611  0.8850  0.8885  0.8932  0.9100  0.9136  0.9224  0.9250  0.9305  0.9365  0.9482  0.9528  0.9563  0.9607  0.9565  0.9535
   135   984  452  616033.80  5449435.20  49.186736  16.592398  0.8973  0.8930  0.8911  0.8759  0.8632  0.8510  0.8614  0.8742  0.8674  0.8900  0.8856  0.8997  0.9158  0.9196  0.9305  0.9390  0.9347  0.9472  0.9549  0.9473  0.9591  0.9440
   136   983  452  616033.20  5449435.20  49.186736  16.592390  0.8941  0.8957  0.8941  0.8743  0.8649  0.8538  0.8564  0.8661  0.8582  0.8841  0.8866  0.9003  0.9116  0.9151  0.9258  0.9407  0.9392  0.9439  0.9427  0.9471  0.9475  0.9591
   137   982  452  616032.60  5449435.20  49.186736  16.592381  0.9042  0.8977  0.8916  0.8778  0.8684  0.8598  0.8518  0.8731  0.8787  0.8826  0.8935  0.9055  0.9184  0.9288  0.9365  0.9417  0.9477  0.9552  0.9541  0.9571  0.9561  0.9597
   138   986  452  616035.00  5449435.20  49.186736  16.592414  0.8932  0.8942  0.8924  0.8705  0.8641  0.8578  0.8621  0.8803  0.8647  0.8870  0.8904  0.8943  0.9102  0.9203  0.9272  0.9273  0.9399  0.9402  0.9548  0.9595  0.9527  0.9354
   139   985  452  616034.40  5449435.20  49.186736  16.592406  0.9003  0.8979  0.8943  0.8729  0.8698  0.8593  0.8651  0.8777  0.8746  0.8867  0.8969  0.9019  0.9143  0.9240  0.9328  0.9442  0.9408  0.9511  0.9554  0.9602  0.9538  0.9529
   140   987  453  616035.60  5449434.60  49.186730  16.592422  0.9091  0.9043  0.9004  0.8832  0.8759  0.8707  0.8766  0.8877  0.8881  0.8956  0.9017  0.9076  0.9173  0.9316  0.9387  0.9486  0.9566  0.9547  0.9578  0.9495  0.9590  0.9616
   141   983  453  616033.20  5449434.60  49.186731  16.592389  0.9051  0.8972  0.8942  0.8764  0.8662  0.8547  0.8674  0.8718  0.8682  0.8943  0.8948  0.9027  0.9202  0.9273  0.9269  0.9490  0.9440  0.9509  0.9584  0.9562  0.9592  0.9599
   142   982  453  616032.60  5449434.60  49.186731  16.592381  0.9051  0.8972  0.8942  0.8764  0.8662  0.8547  0.8674  0.8718  0.8682  0.8943  0.8948  0.9027  0.9202  0.9273  0.9269  0.9490  0.9440  0.9509  0.9584  0.9562  0.9592  0.9599
   143   986  453  616035.00  5449434.60  49.186731  16.592414  0.9010  0.8973  0.8966  0.8792  0.8659  0.8586  0.8677  0.8876  0.8730  0.8872  0.8913  0.9061  0.9155  0.9249  0.9281  0.9442  0.9460  0.9525  0.9571  0.9601  0.9562  0.9402
   144   984  453  616033.80  5449434.60  49.186731  16.592398  0.9035  0.9003  0.8936  0.8738  0.8707  0.8609  0.8615  0.8780  0.8729  0.8861  0.8917  0.8963  0.9195  0.9308  0.9311  0.9444  0.9484  0.9489  0.9571  0.9582  0.9602  0.9521
   145   985  453  616034.40  5449434.60  49.186731  16.592406  0.9035  0.9003  0.8936  0.8738  0.8707  0.8609  0.8615  0.8780  0.8729  0.8861  0.8917  0.8963  0.9195  0.9308  0.9311  0.9444  0.9484  0.9489  0.9571  0.9582  0.9602  0.9521
   146   989  453  616036.80  5449434.60  49.186730  16.592439  0.9104  0.9114  0.9057  0.8831  0.8816  0.8727  0.8691  0.8916  0.8923  0.8974  0.9014  0.9177  0.9117  0.9432  0.9409  0.9492  0.9482  0.9481  0.9590  0.9576  0.9615  0.9572
   147   988  453  616036.20  5449434.60  49.186730  16.592431  0.9091  0.9043  0.9004  0.8832  0.8759  0.8707  0.8766  0.8877  0.8881  0.8956  0.9017  0.9076  0.9173  0.9316  0.9387  0.9486  0.9566  0.9547  0.9578  0.9495  0.9590  0.9616
   148   989  454  616036.80  5449434.00  49.186725  16.592439  0.8967  0.9024  0.9035  0.8792  0.8691  0.8551  0.8671  0.8831  0.8736  0.8946  0.8958  0.9063  0.9125  0.9143  0.9316  0.9332  0.9371  0.9492  0.9595  0.9509  0.9541  0.9377
   149   982  454  616032.60  5449434.00  49.186726  16.592381  0.8916  0.8923  0.8885  0.8657  0.8540  0.8498  0.8551  0.8632  0.8600  0.8774  0.8804  0.8932  0.9129  0.9117  0.9227  0.9285  0.9390  0.9423  0.9464  0.9482  0.9585  0.9533
   150   987  454  616035.60  5449434.00  49.186725  16.592422  0.9043  0.9019  0.9000  0.8804  0.8690  0.8640  0.8655  0.8909  0.8833  0.8936  0.8999  0.9082  0.9208  0.9296  0.9306  0.9460  0.9408  0.9481  0.9594  0.9588  0.9473  0.9607
   151   984  454  616033.80  5449434.00  49.186725  16.592398  0.9095  0.9039  0.9008  0.8853  0.8737  0.8578  0.8671  0.8823  0.8771  0.8933  0.9005  0.9037  0.9269  0.9280  0.9335  0.9486  0.9496  0.9554  0.9549  0.9520  0.9604  0.9604
   152   983  454  616033.20  5449434.00  49.186725  16.592389  0.9105  0.9086  0.9032  0.8798  0.8687  0.8611  0.8710  0.8727  0.8771  0.8844  0.8984  0.9050  0.9172  0.9231  0.9407  0.9422  0.9525  0.9519  0.9537  0.9574  0.9583  0.9605
   153   986  454  616035.00  5449434.00  49.186725  16.592414  0.9026  0.8974  0.8942  0.8761  0.8713  0.8653  0.8633  0.8760  0.8756  0.8872  0.8920  0.8996  0.9185  0.9253  0.9322  0.9388  0.9472  0.9499  0.9532  0.9603  0.9440  0.9377
   154   988  454  616036.20  5449434.00  49.186725  16.592430  0.9031  0.9037  0.9014  0.8771  0.8702  0.8608  0.8650  0.8845  0.8823  0.8857  0.8866  0.9052  0.9167  0.9222  0.9329  0.9369  0.9417  0.9466  0.9558  0.9550  0.9481  0.9602
   155   985  454  616034.40  5449434.00  49.186725  16.592406  0.9049  0.9019  0.8975  0.8752  0.8667  0.8630  0.8605  0.8794  0.8724  0.8880  0.8986  0.8989  0.9165  0.9245  0.9358  0.9405  0.9457  0.9493  0.9544  0.9541  0.9601  0.9525
   156   989  455  616036.80  5449433.40  49.186719  16.592438  0.8910  0.8898  0.9005  0.8847  0.8823  0.8760  0.8753  0.8912  0.8911  0.9067  0.8940  0.9136  0.9276  0.9320  0.9382  0.9445  0.9519  0.9558  0.9568  0.9598  0.9619  0.9508
   157   988  455  616036.20  5449433.40  49.186719  16.592430  0.9031  0.9037  0.9014  0.8771  0.8702  0.8608  0.8650  0.8845  0.8823  0.8857  0.8866  0.9052  0.9167  0.9222  0.9329  0.9369  0.9417  0.9466  0.9558  0.9550  0.9481  0.9602
   158   987  455  616035.60  5449433.40  49.186720  16.592422  0.9009  0.8995  0.9022  0.8832  0.8707  0.8650  0.8636  0.8794  0.8774  0.8866  0.8901  0.8952  0.9166  0.9214  0.9403  0.9407  0.9411  0.9455  0.9596  0.9599  0.9604  0.9456
   159   983  455  616033.20  5449433.40  49.186720  16.592389  0.9105  0.9086  0.9032  0.8798  0.8687  0.8611  0.8710  0.8727  0.8771  0.8844  0.8984  0.9050  0.9172  0.9231  0.9407  0.9422  0.9525  0.9519  0.9537  0.9574  0.9583  0.9605
   160   986  455  616035.00  5449433.40  49.186720  16.592414  0.9100  0.9070  0.9040  0.8844  0.8731  0.8715  0.8686  0.8849  0.8806  0.8934  0.9036  0.9028  0.9220  0.9321  0.9326  0.9473  0.9564  0.9598  0.9511  0.9615  0.9598  0.9597
   161   985  455  616034.40  5449433.40  49.186720  16.592406  0.9100  0.9070  0.9040  0.8844  0.8731  0.8715  0.8686  0.8849  0.8806  0.8934  0.9036  0.9028  0.9220  0.9321  0.9326  0.9473  0.9564  0.9598  0.9511  0.9615  0.9598  0.9597
   162   984  455  616033.80  5449433.40  49.186720  16.592397  0.8923  0.8882  0.8850  0.8681  0.8556  0.8440  0.8521  0.8661  0.8604  0.8782  0.8834  0.8864  0.9121  0.9127  0.9246  0.9252  0.9323  0.9391  0.9455  0.9533  0.9580  0.9403
