     1  1046  400  616071.00  5449466.40  49.187010  16.592917  0.9695  0.9734  0.9811  0.9703  0.9815  0.9688  0.9718  0.9729  0.9651  0.9682  0.9729  0.9684  0.9695  0.9706  0.9750  0.9796  0.9835  0.9802  0.9785  0.9775  0.9745  0.9661
     2  1045  400  616070.40  5449466.40  49.187010  16.592909  0.9613  0.9633  0.9767  0.9690  0.9727  0.9625  0.9645  0.9675  0.9597  0.9625  0.9802  0.9638  0.9676  0.9810  0.9737  0.9812  0.9707  0.9772  0.9781  0.9789  0.9763  0.9712
     3  1047  400  616071.60  5449466.40  49.187010  16.592925  0.9573  0.9616  0.9728  0.9651  0.9760  0.9661  0.9578  0.9597  0.9535  0.9479  0.9577  0.9473  0.9590  0.9612  0.9673  0.9724  0.9710  0.9693  0.9642  0.9639  0.9670  0.9609
     4  1045  401  616070.40  5449465.80  49.187004  16.592909  0.9652  0.9695  0.9795  0.9679  0.9711  0.9633  0.9637  0.9690  0.9637  0.9611  0.9662  0.9590  0.9617  0.9693  0.9771  0.9751  0.9717  0.9761  0.9723  0.9675  0.9668  0.9684
     5  1046  401  616071.00  5449465.80  49.187004  16.592917  0.9589  0.9640  0.9773  0.9690  0.9695  0.9607  0.9648  0.9708  0.9525  0.9544  0.9528  0.9524  0.9683  0.9668  0.9742  0.9724  0.9723  0.9741  0.9703  0.9637  0.9611  0.9561
     6  1047  401  616071.60  5449465.80  49.187004  16.592925  0.9539  0.9613  0.9768  0.9664  0.9717  0.9658  0.9555  0.9686  0.9559  0.9504  0.9556  0.9552  0.9567  0.9660  0.9763  0.9696  0.9655  0.9729  0.9677  0.9597  0.9624  0.9644
     7  1044  401  616069.80  5449465.80  49.187004  16.592901  0.9575  0.9614  0.9754  0.9678  0.9722  0.9650  0.9614  0.9672  0.9595  0.9667  0.9701  0.9691  0.9647  0.9730  0.9777  0.9766  0.9734  0.9769  0.9802  0.9749  0.9719  0.9657
     8  1048  401  616072.20  5449465.80  49.187004  16.592933  0.9602  0.9625  0.9765  0.9668  0.9714  0.9691  0.9616  0.9699  0.9594  0.9491  0.9581  0.9591  0.9621  0.9606  0.9728  0.9734  0.9681  0.9711  0.9739  0.9620  0.9669  0.9672
     9  1046  402  616071.00  5449465.20  49.186999  16.592917  0.9600  0.9653  0.9778  0.9652  0.9662  0.9703  0.9546  0.9672  0.9625  0.9586  0.9612  0.9596  0.9611  0.9669  0.9751  0.9801  0.9741  0.9712  0.9683  0.9619  0.9608  0.9608
    10  1043  402  616069.20  5449465.20  49.186999  16.592892  0.9545  0.9596  0.9708  0.9648  0.9772  0.9642  0.9640  0.9660  0.9495  0.9569  0.9618  0.9562  0.9605  0.9674  0.9719  0.9745  0.9683  0.9761  0.9679  0.9605  0.9779  0.9726
    11  1050  402  616073.40  5449465.20  49.186998  16.592950  0.9657  0.9663  0.9801  0.9758  0.9793  0.9654  0.9704  0.9690  0.9658  0.9604  0.9660  0.9682  0.9655  0.9801  0.9776  0.9779  0.9770  0.9720  0.9792  0.9658  0.9695  0.9802
    12  1047  402  616071.60  5449465.20  49.186999  16.592925  0.9582  0.9607  0.9736  0.9657  0.9731  0.9685  0.9554  0.9637  0.9657  0.9635  0.9643  0.9569  0.9598  0.9762  0.9768  0.9750  0.9731  0.9764  0.9791  0.9614  0.9676  0.9639
    13  1048  402  616072.20  5449465.20  49.186999  16.592933  0.9563  0.9648  0.9783  0.9641  0.9730  0.9640  0.9593  0.9703  0.9538  0.9610  0.9577  0.9676  0.9617  0.9740  0.9803  0.9718  0.9721  0.9804  0.9808  0.9678  0.9732  0.9672
    14  1049  402  616072.80  5449465.20  49.186999  16.592942  0.9568  0.9562  0.9689  0.9633  0.9696  0.9605  0.9569  0.9608  0.9521  0.9413  0.9497  0.9537  0.9556  0.9612  0.9692  0.9638  0.9657  0.9739  0.9754  0.9574  0.9601  0.9526
    15  1044  402  616069.80  5449465.20  49.186999  16.592900  0.9533  0.9605  0.9774  0.9689  0.9707  0.9613  0.9600  0.9608  0.9560  0.9532  0.9529  0.9526  0.9585  0.9666  0.9712  0.9779  0.9684  0.9716  0.9685  0.9616  0.9680  0.9708
    16  1045  402  616070.40  5449465.20  49.186999  16.592909  0.9535  0.9640  0.9763  0.9615  0.9716  0.9676  0.9585  0.9672  0.9470  0.9616  0.9669  0.9503  0.9592  0.9712  0.9784  0.9776  0.9685  0.9775  0.9652  0.9600  0.9702  0.9744
    17  1050  403  616073.40  5449464.60  49.186993  16.592950  0.9569  0.9646  0.9776  0.9662  0.9706  0.9638  0.9553  0.9631  0.9587  0.9528  0.9617  0.9675  0.9578  0.9685  0.9773  0.9744  0.9679  0.9778  0.9682  0.9578  0.9721  0.9626
    18  1046  403  616071.00  5449464.60  49.186993  16.592917  0.9552  0.9559  0.9664  0.9618  0.9658  0.9624  0.9552  0.9602  0.9513  0.9485  0.9585  0.9622  0.9613  0.9645  0.9778  0.9725  0.9726  0.9711  0.9775  0.9672  0.9593  0.9645
    19  1047  403  616071.60  5449464.60  49.186993  16.592925  0.9582  0.9607  0.9736  0.9657  0.9731  0.9685  0.9554  0.9637  0.9657  0.9635  0.9643  0.9569  0.9598  0.9762  0.9768  0.9750  0.9731  0.9764  0.9791  0.9614  0.9676  0.9639
    20  1048  403  616072.20  5449464.60  49.186993  16.592933  0.9468  0.9570  0.9759  0.9605  0.9596  0.9590  0.9519  0.9555  0.9519  0.9523  0.9575  0.9517  0.9554  0.9700  0.9699  0.9701  0.9650  0.9734  0.9748  0.9647  0.9574  0.9632
    21  1044  403  616069.80  5449464.60  49.186994  16.592900  0.9495  0.9538  0.9681  0.9610  0.9675  0.9628  0.9470  0.9629  0.9471  0.9546  0.9540  0.9463  0.9684  0.9671  0.9731  0.9763  0.9707  0.9663  0.9644  0.9620  0.9704  0.9638
    22  1042  403  616068.60  5449464.60  49.186994  16.592884  0.9576  0.9660  0.9793  0.9682  0.9766  0.9628  0.9653  0.9703  0.9631  0.9627  0.9657  0.9669  0.9627  0.9702  0.9772  0.9728  0.9702  0.9716  0.9759  0.9632  0.9715  0.9670
    23  1043  403  616069.20  5449464.60  49.186994  16.592892  0.9584  0.9631  0.9736  0.9661  0.9685  0.9604  0.9493  0.9633  0.9571  0.9568  0.9618  0.9520  0.9605  0.9659  0.9697  0.9771  0.9672  0.9696  0.9654  0.9602  0.9661  0.9577
    24  1049  403  616072.80  5449464.60  49.186993  16.592941  0.9573  0.9629  0.9793  0.9681  0.9693  0.9728  0.9678  0.9698  0.9589  0.9588  0.9684  0.9664  0.9687  0.9755  0.9748  0.9791  0.9714  0.9720  0.9741  0.9731  0.9714  0.9717
    25  1045  403  616070.40  5449464.60  49.186994  16.592908  0.9535  0.9640  0.9763  0.9615  0.9716  0.9676  0.9585  0.9672  0.9470  0.9616  0.9669  0.9503  0.9592  0.9712  0.9784  0.9776  0.9685  0.9775  0.9652  0.9600  0.9702  0.9744
    26  1047  404  616071.60  5449464.00  49.186988  16.592925  0.9447  0.9480  0.9633  0.9554  0.9542  0.9530  0.9466  0.9552  0.9481  0.9394  0.9471  0.9504  0.9513  0.9634  0.9749  0.9618  0.9673  0.9673  0.9667  0.9660  0.9653  0.9639
    27  1046  404  616071.00  5449464.00  49.186988  16.592916  0.9544  0.9608  0.9773  0.9640  0.9647  0.9639  0.9526  0.9655  0.9586  0.9600  0.9704  0.9639  0.9636  0.9717  0.9747  0.9715  0.9759  0.9738  0.9772  0.9730  0.9743  0.9673
    28  1041  404  616068.00  5449464.00  49.186989  16.592875  0.9536  0.9593  0.9717  0.9656  0.9783  0.9639  0.9641  0.9718  0.9580  0.9641  0.9690  0.9565  0.9599  0.9723  0.9801  0.9724  0.9697  0.9729  0.9779  0.9781  0.9679  0.9670
    29  1050  404  616073.40  5449464.00  49.186988  16.592949  0.9569  0.9646  0.9776  0.9662  0.9706  0.9638  0.9553  0.9631  0.9587  0.9528  0.9617  0.9675  0.9578  0.9685  0.9773  0.9744  0.9679  0.9778  0.9682  0.9578  0.9721  0.9626
    30  1042  404  616068.60  5449464.00  49.186989  16.592884  0.9573  0.9626  0.9750  0.9661  0.9632  0.9656  0.9539  0.9640  0.9549  0.9591  0.9602  0.9601  0.9591  0.9719  0.9794  0.9785  0.9653  0.9644  0.9643  0.9671  0.9722  0.9655
    31  1043  404  616069.20  5449464.00  49.186988  16.592892  0.9573  0.9626  0.9750  0.9661  0.9632  0.9656  0.9539  0.9640  0.9549  0.9591  0.9602  0.9601  0.9591  0.9719  0.9794  0.9785  0.9653  0.9644  0.9643  0.9671  0.9722  0.9655
    32  1049  404  616072.80  5449464.00  49.186988  16.592941  0.9556  0.9635  0.9779  0.9669  0.9633  0.9577  0.9570  0.9603  0.9572  0.9582  0.9566  0.9543  0.9643  0.9711  0.9719  0.9783  0.9721  0.9782  0.9706  0.9643  0.9654  0.9635
    33  1048  404  616072.20  5449464.00  49.186988  16.592933  0.9651  0.9681  0.9791  0.9699  0.9674  0.9642  0.9583  0.9747  0.9586  0.9574  0.9659  0.9684  0.9719  0.9802  0.9796  0.9753  0.9807  0.9754  0.9742  0.9653  0.9719  0.9717
    34  1045  404  616070.40  5449464.00  49.186988  16.592908  0.9447  0.9486  0.9600  0.9511  0.9563  0.9456  0.9484  0.9574  0.9415  0.9484  0.9469  0.9499  0.9519  0.9594  0.9756  0.9681  0.9595  0.9622  0.9659  0.9499  0.9556  0.9682
    35  1044  404  616069.80  5449464.00  49.186988  16.592900  0.9524  0.9553  0.9721  0.9663  0.9671  0.9578  0.9514  0.9608  0.9562  0.9507  0.9573  0.9453  0.9691  0.9670  0.9737  0.9735  0.9727  0.9736  0.9763  0.9728  0.9652  0.9658
    36  1049  405  616072.80  5449463.40  49.186982  16.592941  0.9624  0.9644  0.9784  0.9690  0.9692  0.9615  0.9566  0.9607  0.9606  0.9585  0.9639  0.9696  0.9699  0.9762  0.9722  0.9735  0.9756  0.9669  0.9668  0.9693  0.9641  0.9820
    37  1051  405  616074.00  5449463.40  49.186982  16.592957  0.9589  0.9627  0.9748  0.9638  0.9589  0.9572  0.9488  0.9542  0.9525  0.9437  0.9533  0.9516  0.9502  0.9632  0.9649  0.9697  0.9631  0.9651  0.9625  0.9542  0.9551  0.9590
    38  1048  405  616072.20  5449463.40  49.186982  16.592933  0.9651  0.9681  0.9791  0.9699  0.9674  0.9642  0.9583  0.9747  0.9586  0.9574  0.9659  0.9684  0.9719  0.9802  0.9796  0.9753  0.9807  0.9754  0.9742  0.9653  0.9719  0.9717
    39  1042  405  616068.60  5449463.40  49.186983  16.592883  0.9668  0.9722  0.9821  0.9715  0.9761  0.9735  0.9671  0.9721  0.9679  0.9690  0.9747  0.9664  0.9705  0.9759  0.9787  0.9802  0.9835  0.9777  0.9793  0.9709  0.9739  0.9763
    40  1041  405  616068.00  5449463.40  49.186983  16.592875  0.9535  0.9554  0.9654  0.9609  0.9724  0.9560  0.9499  0.9650  0.9454  0.9552  0.9660  0.9614  0.9589  0.9668  0.9749  0.9768  0.9692  0.9720  0.9646  0.9576  0.9633  0.9744
    41  1043  405  616069.20  5449463.40  49.186983  16.592892  0.9496  0.9591  0.9768  0.9653  0.9653  0.9576  0.9520  0.9649  0.9506  0.9605  0.9576  0.9578  0.9607  0.9633  0.9710  0.9706  0.9617  0.9685  0.9707  0.9639  0.9652  0.9606
    42  1050  405  616073.40  5449463.40  49.186982  16.592949  0.9618  0.9659  0.9780  0.9701  0.9686  0.9601  0.9570  0.9648  0.9582  0.9581  0.9606  0.9601  0.9640  0.9629  0.9778  0.9701  0.9716  0.9741  0.9688  0.9579  0.9689  0.9690
    43  1045  405  616070.40  5449463.40  49.186983  16.592908  0.9432  0.9480  0.9630  0.9518  0.9546  0.9481  0.9492  0.9574  0.9510  0.9522  0.9602  0.9549  0.9614  0.9643  0.9761  0.9709  0.9617  0.9663  0.9658  0.9628  0.9699  0.9737
    44  1047  405  616071.60  5449463.40  49.186983  16.592925  0.9519  0.9565  0.9682  0.9574  0.9622  0.9557  0.9501  0.9557  0.9465  0.9527  0.9518  0.9597  0.9616  0.9704  0.9758  0.9769  0.9697  0.9688  0.9639  0.9604  0.9623  0.9733
    45  1040  405  616067.40  5449463.40  49.186983  16.592867  0.9532  0.9560  0.9672  0.9609  0.9753  0.9637  0.9608  0.9712  0.9579  0.9596  0.9621  0.9593  0.9606  0.9790  0.9727  0.9776  0.9706  0.9736  0.9765  0.9784  0.9728  0.9699
    46  1044  405  616069.80  5449463.40  49.186983  16.592900  0.9496  0.9591  0.9768  0.9653  0.9653  0.9576  0.9520  0.9649  0.9506  0.9605  0.9576  0.9578  0.9607  0.9633  0.9710  0.9706  0.9617  0.9685  0.9707  0.9639  0.9652  0.9606
    47  1046  405  616071.00  5449463.40  49.186983  16.592916  0.9542  0.9591  0.9703  0.9601  0.9592  0.9534  0.9546  0.9602  0.9512  0.9553  0.9646  0.9605  0.9641  0.9749  0.9786  0.9767  0.9614  0.9714  0.9702  0.9683  0.9784  0.9694
    48  1044  406  616069.80  5449462.80  49.186977  16.592900  0.9438  0.9457  0.9589  0.9519  0.9534  0.9461  0.9472  0.9461  0.9494  0.9492  0.9564  0.9505  0.9592  0.9682  0.9642  0.9680  0.9718  0.9729  0.9683  0.9632  0.9762  0.9707
    49  1042  406  616068.60  5449462.80  49.186978  16.592883  0.9607  0.9638  0.9745  0.9680  0.9758  0.9637  0.9580  0.9690  0.9630  0.9642  0.9717  0.9711  0.9692  0.9779  0.9744  0.9798  0.9780  0.9744  0.9719  0.9680  0.9680  0.9724
    50  1041  406  616068.00  5449462.80  49.186978  16.592875  0.9535  0.9554  0.9654  0.9609  0.9724  0.9560  0.9499  0.9650  0.9454  0.9552  0.9660  0.9614  0.9589  0.9668  0.9749  0.9768  0.9692  0.9720  0.9646  0.9576  0.9633  0.9744
    51  1049  406  616072.80  5449462.80  49.186977  16.592941  0.9585  0.9628  0.9755  0.9672  0.9691  0.9551  0.9467  0.9620  0.9526  0.9487  0.9565  0.9550  0.9659  0.9677  0.9695  0.9620  0.9604  0.9658  0.9727  0.9701  0.9701  0.9617
    52  1040  406  616067.40  5449462.80  49.186978  16.592867  0.9537  0.9558  0.9669  0.9581  0.9650  0.9585  0.9576  0.9629  0.9470  0.9571  0.9682  0.9598  0.9607  0.9663  0.9776  0.9620  0.9665  0.9708  0.9656  0.9633  0.9717  0.9620
    53  1045  406  616070.40  5449462.80  49.186977  16.592908  0.9432  0.9480  0.9630  0.9518  0.9546  0.9481  0.9492  0.9574  0.9510  0.9522  0.9602  0.9549  0.9614  0.9643  0.9761  0.9709  0.9617  0.9663  0.9658  0.9628  0.9699  0.9737
    54  1043  406  616069.20  5449462.80  49.186978  16.592891  0.9583  0.9595  0.9717  0.9662  0.9710  0.9618  0.9590  0.9683  0.9633  0.9648  0.9692  0.9646  0.9613  0.9785  0.9776  0.9777  0.9803  0.9768  0.9746  0.9642  0.9668  0.9641
    55  1046  406  616071.00  5449462.80  49.186977  16.592916  0.9572  0.9589  0.9691  0.9621  0.9675  0.9625  0.9471  0.9648  0.9539  0.9560  0.9592  0.9564  0.9585  0.9756  0.9743  0.9756  0.9710  0.9767  0.9673  0.9644  0.9714  0.9707
    56  1047  406  616071.60  5449462.80  49.186977  16.592924  0.9522  0.9558  0.9678  0.9628  0.9655  0.9525  0.9469  0.9519  0.9475  0.9453  0.9581  0.9575  0.9589  0.9654  0.9765  0.9746  0.9699  0.9650  0.9705  0.9701  0.9616  0.9757
    57  1048  406  616072.20  5449462.80  49.186977  16.592933  0.9579  0.9611  0.9750  0.9671  0.9607  0.9533  0.9450  0.9593  0.9460  0.9447  0.9473  0.9550  0.9641  0.9659  0.9726  0.9667  0.9706  0.9630  0.9630  0.9634  0.9582  0.9723
    58  1051  406  616074.00  5449462.80  49.186977  16.592957  0.9558  0.9625  0.9766  0.9663  0.9666  0.9582  0.9507  0.9587  0.9524  0.9506  0.9510  0.9557  0.9598  0.9668  0.9672  0.9717  0.9694  0.9718  0.9662  0.9674  0.9593  0.9722
    59  1050  406  616073.40  5449462.80  49.186977  16.592949  0.9565  0.9618  0.9755  0.9642  0.9651  0.9558  0.9471  0.9599  0.9577  0.9519  0.9638  0.9632  0.9607  0.9675  0.9631  0.9745  0.9657  0.9678  0.9677  0.9609  0.9697  0.9584
    60  1043  407  616069.20  5449462.20  49.186972  16.592891  0.9516  0.9528  0.9631  0.9575  0.9663  0.9566  0.9528  0.9595  0.9551  0.9547  0.9641  0.9620  0.9659  0.9693  0.9746  0.9765  0.9683  0.9783  0.9731  0.9723  0.9782  0.9633
    61  1044  407  616069.80  5449462.20  49.186972  16.592900  0.9540  0.9540  0.9668  0.9650  0.9657  0.9618  0.9544  0.9615  0.9545  0.9511  0.9593  0.9607  0.9646  0.9723  0.9673  0.9780  0.9706  0.9680  0.9688  0.9668  0.9682  0.9578
    62  1042  407  616068.60  5449462.20  49.186972  16.592883  0.9522  0.9580  0.9722  0.9641  0.9644  0.9513  0.9552  0.9562  0.9483  0.9574  0.9579  0.9591  0.9550  0.9605  0.9703  0.9711  0.9697  0.9711  0.9757  0.9729  0.9688  0.9780
    63  1049  407  616072.80  5449462.20  49.186972  16.592941  0.9565  0.9612  0.9760  0.9655  0.9584  0.9595  0.9553  0.9550  0.9527  0.9479  0.9478  0.9522  0.9624  0.9708  0.9723  0.9693  0.9691  0.9633  0.9550  0.9623  0.9652  0.9625
    64  1041  407  616068.00  5449462.20  49.186972  16.592875  0.9383  0.9459  0.9621  0.9558  0.9639  0.9516  0.9489  0.9523  0.9419  0.9522  0.9544  0.9497  0.9509  0.9640  0.9667  0.9685  0.9633  0.9603  0.9606  0.9617  0.9748  0.9704
    65  1040  407  616067.40  5449462.20  49.186973  16.592867  0.9577  0.9680  0.9791  0.9656  0.9730  0.9679  0.9594  0.9669  0.9562  0.9658  0.9632  0.9736  0.9689  0.9734  0.9751  0.9755  0.9773  0.9780  0.9725  0.9726  0.9656  0.9669
    66  1050  407  616073.40  5449462.20  49.186971  16.592949  0.9601  0.9631  0.9777  0.9717  0.9769  0.9690  0.9540  0.9628  0.9522  0.9618  0.9669  0.9554  0.9630  0.9651  0.9701  0.9800  0.9742  0.9734  0.9748  0.9746  0.9686  0.9733
    67  1045  407  616070.40  5449462.20  49.186972  16.592908  0.9634  0.9625  0.9664  0.9581  0.9643  0.9559  0.9548  0.9675  0.9601  0.9558  0.9567  0.9602  0.9580  0.9703  0.9711  0.9787  0.9774  0.9721  0.9708  0.9725  0.9744  0.9638
    68  1046  407  616071.00  5449462.20  49.186972  16.592916  0.9597  0.9630  0.9745  0.9648  0.9635  0.9561  0.9430  0.9575  0.9547  0.9515  0.9585  0.9540  0.9563  0.9719  0.9744  0.9758  0.9718  0.9642  0.9667  0.9642  0.9579  0.9746
    69  1048  407  616072.20  5449462.20  49.186972  16.592932  0.9565  0.9612  0.9760  0.9655  0.9584  0.9595  0.9553  0.9550  0.9527  0.9479  0.9478  0.9522  0.9624  0.9708  0.9723  0.9693  0.9691  0.9633  0.9550  0.9623  0.9652  0.9625
    70  1047  407  616071.60  5449462.20  49.186972  16.592924  0.9597  0.9630  0.9745  0.9648  0.9635  0.9561  0.9430  0.9575  0.9547  0.9515  0.9585  0.9540  0.9563  0.9719  0.9744  0.9758  0.9718  0.9642  0.9667  0.9642  0.9579  0.9746
    71  1052  407  616074.60  5449462.20  49.186971  16.592965  0.9519  0.9564  0.9670  0.9538  0.9590  0.9575  0.9510  0.9512  0.9456  0.9492  0.9585  0.9449  0.9680  0.9626  0.9680  0.9760  0.9595  0.9575  0.9647  0.9613  0.9540  0.9573
    72  1051  407  616074.00  5449462.20  49.186971  16.592957  0.9601  0.9631  0.9777  0.9717  0.9769  0.9690  0.9540  0.9628  0.9522  0.9618  0.9669  0.9554  0.9630  0.9651  0.9701  0.9800  0.9742  0.9734  0.9748  0.9746  0.9686  0.9733
    73  1050  408  616073.40  5449461.60  49.186966  16.592949  0.9670  0.9661  0.9755  0.9668  0.9648  0.9649  0.9583  0.9607  0.9610  0.9565  0.9595  0.9555  0.9650  0.9633  0.9732  0.9792  0.9735  0.9715  0.9705  0.9762  0.9670  0.9640
    74  1045  408  616070.40  5449461.60  49.186967  16.592908  0.9602  0.9656  0.9771  0.9669  0.9645  0.9599  0.9522  0.9650  0.9523  0.9531  0.9597  0.9526  0.9589  0.9690  0.9717  0.9771  0.9694  0.9685  0.9690  0.9686  0.9685  0.9714
    75  1051  408  616074.00  5449461.60  49.186966  16.592957  0.9657  0.9696  0.9783  0.9665  0.9696  0.9574  0.9568  0.9628  0.9564  0.9551  0.9553  0.9666  0.9695  0.9609  0.9725  0.9743  0.9723  0.9696  0.9687  0.9692  0.9690  0.9641
    76  1040  408  616067.40  5449461.60  49.186967  16.592866  0.9579  0.9605  0.9795  0.9733  0.9747  0.9642  0.9614  0.9656  0.9701  0.9593  0.9650  0.9635  0.9654  0.9763  0.9821  0.9791  0.9737  0.9808  0.9768  0.9748  0.9715  0.9736
    77  1046  408  616071.00  5449461.60  49.186966  16.592916  0.9529  0.9610  0.9755  0.9643  0.9625  0.9508  0.9468  0.9572  0.9458  0.9478  0.9599  0.9573  0.9518  0.9619  0.9691  0.9682  0.9710  0.9658  0.9696  0.9608  0.9686  0.9734
    78  1052  408  616074.60  5449461.60  49.186966  16.592965  0.9601  0.9626  0.9756  0.9697  0.9690  0.9550  0.9505  0.9535  0.9535  0.9463  0.9633  0.9509  0.9599  0.9523  0.9674  0.9715  0.9683  0.9615  0.9706  0.9690  0.9565  0.9543
    79  1043  408  616069.20  5449461.60  49.186967  16.592891  0.9628  0.9614  0.9757  0.9743  0.9773  0.9649  0.9652  0.9646  0.9638  0.9640  0.9669  0.9691  0.9666  0.9737  0.9786  0.9735  0.9775  0.9797  0.9817  0.9716  0.9746  0.9728
    80  1047  408  616071.60  5449461.60  49.186966  16.592924  0.9588  0.9654  0.9767  0.9641  0.9688  0.9567  0.9511  0.9591  0.9550  0.9557  0.9529  0.9612  0.9594  0.9672  0.9713  0.9759  0.9744  0.9659  0.9656  0.9693  0.9718  0.9730
    81  1048  408  616072.20  5449461.60  49.186966  16.592932  0.9543  0.9615  0.9759  0.9636  0.9650  0.9604  0.9540  0.9569  0.9525  0.9474  0.9666  0.9631  0.9554  0.9641  0.9766  0.9750  0.9671  0.9634  0.9594  0.9600  0.9584  0.9705
    82  1044  408  616069.80  5449461.60  49.186967  16.592899  0.9540  0.9540  0.9668  0.9650  0.9657  0.9618  0.9544  0.9615  0.9545  0.9511  0.9593  0.9607  0.9646  0.9723  0.9673  0.9780  0.9706  0.9680  0.9688  0.9668  0.9682  0.9578
    83  1049  408  616072.80  5449461.60  49.186966  16.592940  0.9626  0.9663  0.9778  0.9677  0.9654  0.9581  0.9582  0.9590  0.9552  0.9534  0.9677  0.9586  0.9634  0.9739  0.9768  0.9800  0.9675  0.9681  0.9700  0.9768  0.9719  0.9675
    84  1042  408  616068.60  5449461.60  49.186967  16.592883  0.9522  0.9580  0.9722  0.9641  0.9644  0.9513  0.9552  0.9562  0.9483  0.9574  0.9579  0.9591  0.9550  0.9605  0.9703  0.9711  0.9697  0.9711  0.9757  0.9729  0.9688  0.9780
    85  1041  408  616068.00  5449461.60  49.186967  16.592875  0.9634  0.9656  0.9778  0.9712  0.9767  0.9656  0.9638  0.9640  0.9519  0.9554  0.9627  0.9653  0.9604  0.9725  0.9759  0.9716  0.9708  0.9715  0.9761  0.9665  0.9746  0.9716
    86  1044  409  616069.80  5449461.00  49.186961  16.592899  0.9564  0.9624  0.9778  0.9681  0.9679  0.9622  0.9545  0.9614  0.9645  0.9555  0.9667  0.9636  0.9640  0.9688  0.9757  0.9702  0.9700  0.9723  0.9751  0.9721  0.9786  0.9671
    87  1048  409  616072.20  5449461.00  49.186961  16.592932  0.9612  0.9704  0.9789  0.9639  0.9745  0.9658  0.9581  0.9595  0.9570  0.9571  0.9586  0.9680  0.9600  0.9749  0.9790  0.9792  0.9783  0.9746  0.9769  0.9699  0.9811  0.9707
    88  1052  409  616074.60  5449461.00  49.186960  16.592965  0.9554  0.9622  0.9741  0.9616  0.9589  0.9534  0.9467  0.9506  0.9397  0.9425  0.9433  0.9508  0.9512  0.9558  0.9635  0.9638  0.9562  0.9635  0.9590  0.9540  0.9623  0.9506
    89  1047  409  616071.60  5449461.00  49.186961  16.592924  0.9487  0.9502  0.9622  0.9546  0.9573  0.9540  0.9443  0.9516  0.9408  0.9447  0.9477  0.9348  0.9577  0.9636  0.9656  0.9732  0.9636  0.9651  0.9658  0.9678  0.9615  0.9510
    90  1040  409  616067.40  5449461.00  49.186962  16.592866  0.9449  0.9533  0.9671  0.9549  0.9609  0.9558  0.9504  0.9517  0.9432  0.9373  0.9521  0.9473  0.9650  0.9621  0.9706  0.9741  0.9687  0.9641  0.9688  0.9559  0.9565  0.9693
    91  1051  409  616074.00  5449461.00  49.186961  16.592957  0.9657  0.9696  0.9783  0.9665  0.9696  0.9574  0.9568  0.9628  0.9564  0.9551  0.9553  0.9666  0.9695  0.9609  0.9725  0.9743  0.9723  0.9696  0.9687  0.9692  0.9690  0.9641
    92  1043  409  616069.20  5449461.00  49.186961  16.592891  0.9444  0.9480  0.9626  0.9559  0.9565  0.9513  0.9346  0.9530  0.9409  0.9431  0.9554  0.9468  0.9515  0.9544  0.9674  0.9611  0.9609  0.9565  0.9655  0.9597  0.9560  0.9735
    93  1046  409  616071.00  5449461.00  49.186961  16.592916  0.9609  0.9641  0.9717  0.9583  0.9608  0.9591  0.9527  0.9610  0.9520  0.9603  0.9608  0.9578  0.9605  0.9636  0.9784  0.9767  0.9729  0.9724  0.9709  0.9647  0.9644  0.9663
    94  1045  409  616070.40  5449461.00  49.186961  16.592907  0.9608  0.9623  0.9751  0.9666  0.9626  0.9590  0.9516  0.9565  0.9525  0.9442  0.9630  0.9590  0.9625  0.9707  0.9748  0.9725  0.9699  0.9723  0.9665  0.9616  0.9619  0.9730
    95  1041  409  616068.00  5449461.00  49.186962  16.592874  0.9511  0.9557  0.9661  0.9586  0.9690  0.9609  0.9561  0.9621  0.9493  0.9526  0.9646  0.9547  0.9604  0.9720  0.9782  0.9756  0.9696  0.9729  0.9736  0.9763  0.9742  0.9663
    96  1042  409  616068.60  5449461.00  49.186962  16.592883  0.9397  0.9389  0.9462  0.9454  0.9560  0.9471  0.9445  0.9477  0.9433  0.9364  0.9451  0.9418  0.9496  0.9582  0.9639  0.9735  0.9613  0.9651  0.9565  0.9664  0.9615  0.9440
    97  1049  409  616072.80  5449461.00  49.186961  16.592940  0.9626  0.9663  0.9778  0.9677  0.9654  0.9581  0.9582  0.9590  0.9552  0.9534  0.9677  0.9586  0.9634  0.9739  0.9768  0.9800  0.9675  0.9681  0.9700  0.9768  0.9719  0.9675
    98  1050  409  616073.40  5449461.00  49.186961  16.592949  0.9618  0.9669  0.9763  0.9641  0.9641  0.9549  0.9546  0.9538  0.9521  0.9486  0.9578  0.9561  0.9604  0.9642  0.9748  0.9714  0.9684  0.9660  0.9757  0.9625  0.9646  0.9623
    99  1047  410  616071.60  5449460.40  49.186956  16.592924  0.9487  0.9502  0.9622  0.9546  0.9573  0.9540  0.9443  0.9516  0.9408  0.9447  0.9477  0.9348  0.9577  0.9636  0.9656  0.9732  0.9636  0.9651  0.9658  0.9678  0.9615  0.9510
   100  1040  410  616067.40  5449460.40  49.186956  16.592866  0.9449  0.9533  0.9671  0.9549  0.9609  0.9558  0.9504  0.9517  0.9432  0.9373  0.9521  0.9473  0.9650  0.9621  0.9706  0.9741  0.9687  0.9641  0.9688  0.9559  0.9565  0.9693
   101  1052  410  616074.60  5449460.40  49.186955  16.592965  0.9535  0.9606  0.9736  0.9624  0.9660  0.9522  0.9495  0.9456  0.9455  0.9392  0.9416  0.9484  0.9523  0.9568  0.9628  0.9641  0.9652  0.9602  0.9584  0.9575  0.9703  0.9552
   102  1051  410  616074.00  5449460.40  49.186955  16.592957  0.9584  0.9665  0.9741  0.9641  0.9640  0.9592  0.9546  0.9584  0.9390  0.9488  0.9582  0.9564  0.9544  0.9624  0.9639  0.9700  0.9721  0.9703  0.9732  0.9632  0.9739  0.9489
   103  1043  410  616069.20  5449460.40  49.186956  16.592891  0.9492  0.9614  0.9767  0.9628  0.9669  0.9577  0.9515  0.9687  0.9530  0.9536  0.9561  0.9570  0.9590  0.9780  0.9721  0.9614  0.9662  0.9634  0.9748  0.9726  0.9664  0.9749
   104  1050  410  616073.40  5449460.40  49.186955  16.592948  0.9587  0.9613  0.9761  0.9672  0.9635  0.9568  0.9521  0.9552  0.9466  0.9516  0.9519  0.9528  0.9562  0.9594  0.9726  0.9635  0.9650  0.9661  0.9669  0.9545  0.9610  0.9659
   105  1048  410  616072.20  5449460.40  49.186955  16.592932  0.9637  0.9682  0.9782  0.9683  0.9714  0.9657  0.9583  0.9594  0.9619  0.9547  0.9624  0.9599  0.9725  0.9736  0.9747  0.9740  0.9696  0.9746  0.9716  0.9655  0.9652  0.9790
   106  1046  410  616071.00  5449460.40  49.186956  16.592915  0.9629  0.9648  0.9774  0.9694  0.9747  0.9614  0.9563  0.9646  0.9560  0.9556  0.9593  0.9524  0.9694  0.9681  0.9757  0.9791  0.9685  0.9688  0.9728  0.9752  0.9649  0.9777
   107  1045  410  616070.40  5449460.40  49.186956  16.592907  0.9608  0.9623  0.9751  0.9666  0.9626  0.9590  0.9516  0.9565  0.9525  0.9442  0.9630  0.9590  0.9625  0.9707  0.9748  0.9725  0.9699  0.9723  0.9665  0.9616  0.9619  0.9730
   108  1049  410  616072.80  5449460.40  49.186955  16.592940  0.9599  0.9651  0.9775  0.9664  0.9720  0.9662  0.9609  0.9629  0.9512  0.9523  0.9619  0.9614  0.9628  0.9695  0.9746  0.9768  0.9775  0.9750  0.9757  0.9749  0.9671  0.9612
   109  1044  410  616069.80  5449460.40  49.186956  16.592899  0.9621  0.9687  0.9794  0.9665  0.9714  0.9675  0.9623  0.9625  0.9617  0.9583  0.9670  0.9659  0.9657  0.9711  0.9690  0.9764  0.9743  0.9750  0.9714  0.9782  0.9761  0.9777
   110  1041  410  616068.00  5449460.40  49.186956  16.592874  0.9631  0.9595  0.9651  0.9646  0.9702  0.9669  0.9559  0.9561  0.9538  0.9528  0.9628  0.9554  0.9610  0.9699  0.9787  0.9754  0.9724  0.9745  0.9765  0.9658  0.9672  0.9563
   111  1042  410  616068.60  5449460.40  49.186956  16.592883  0.9492  0.9614  0.9767  0.9628  0.9669  0.9577  0.9515  0.9687  0.9530  0.9536  0.9561  0.9570  0.9590  0.9780  0.9721  0.9614  0.9662  0.9634  0.9748  0.9726  0.9664  0.9749
   112  1046  411  616071.00  5449459.80  49.186950  16.592915  0.9555  0.9640  0.9758  0.9622  0.9622  0.9643  0.9537  0.9573  0.9464  0.9506  0.9596  0.9471  0.9638  0.9616  0.9677  0.9703  0.9731  0.9739  0.9740  0.9674  0.9705  0.9657
   113  1047  411  616071.60  5449459.80  49.186950  16.592924  0.9477  0.9580  0.9736  0.9580  0.9568  0.9536  0.9495  0.9454  0.9376  0.9432  0.9556  0.9515  0.9622  0.9586  0.9663  0.9698  0.9659  0.9648  0.9600  0.9536  0.9561  0.9637
   114  1045  411  616070.40  5449459.80  49.186950  16.592907  0.9555  0.9640  0.9758  0.9622  0.9622  0.9643  0.9537  0.9573  0.9464  0.9506  0.9596  0.9471  0.9638  0.9616  0.9677  0.9703  0.9731  0.9739  0.9740  0.9674  0.9705  0.9657
   115  1044  411  616069.80  5449459.80  49.186951  16.592899  0.9598  0.9641  0.9756  0.9674  0.9651  0.9567  0.9542  0.9599  0.9446  0.9543  0.9644  0.9584  0.9616  0.9698  0.9713  0.9689  0.9650  0.9669  0.9687  0.9626  0.9596  0.9622
   116  1043  411  616069.20  5449459.80  49.186951  16.592891  0.9635  0.9641  0.9787  0.9693  0.9569  0.9636  0.9656  0.9598  0.9594  0.9587  0.9626  0.9611  0.9636  0.9654  0.9690  0.9694  0.9739  0.9769  0.9690  0.9641  0.9665  0.9631
   117  1048  411  616072.20  5449459.80  49.186950  16.592932  0.9477  0.9580  0.9736  0.9580  0.9568  0.9536  0.9495  0.9454  0.9376  0.9432  0.9556  0.9515  0.9622  0.9586  0.9663  0.9698  0.9659  0.9648  0.9600  0.9536  0.9561  0.9637
   118  1049  411  616072.80  5449459.80  49.186950  16.592940  0.9596  0.9685  0.9789  0.9709  0.9762  0.9643  0.9616  0.9667  0.9555  0.9593  0.9674  0.9666  0.9633  0.9670  0.9745  0.9717  0.9675  0.9673  0.9712  0.9612  0.9764  0.9686
   119  1040  411  616067.40  5449459.80  49.186951  16.592866  0.9557  0.9573  0.9668  0.9592  0.9666  0.9607  0.9549  0.9673  0.9590  0.9517  0.9606  0.9609  0.9609  0.9697  0.9689  0.9719  0.9741  0.9697  0.9725  0.9675  0.9785  0.9622
   120  1042  411  616068.60  5449459.80  49.186951  16.592882  0.9592  0.9632  0.9767  0.9655  0.9681  0.9587  0.9507  0.9620  0.9569  0.9541  0.9673  0.9609  0.9601  0.9681  0.9717  0.9753  0.9636  0.9717  0.9663  0.9712  0.9688  0.9782
   121  1052  411  616074.60  5449459.80  49.186950  16.592965  0.9535  0.9606  0.9736  0.9624  0.9660  0.9522  0.9495  0.9456  0.9455  0.9392  0.9416  0.9484  0.9523  0.9568  0.9628  0.9641  0.9652  0.9602  0.9584  0.9575  0.9703  0.9552
   122  1041  411  616068.00  5449459.80  49.186951  16.592874  0.9583  0.9617  0.9756  0.9654  0.9609  0.9563  0.9533  0.9590  0.9447  0.9499  0.9584  0.9586  0.9601  0.9700  0.9641  0.9762  0.9681  0.9670  0.9722  0.9693  0.9745  0.9689
   123  1050  411  616073.40  5449459.80  49.186950  16.592948  0.9596  0.9685  0.9789  0.9709  0.9762  0.9643  0.9616  0.9667  0.9555  0.9593  0.9674  0.9666  0.9633  0.9670  0.9745  0.9717  0.9675  0.9673  0.9712  0.9612  0.9764  0.9686
   124  1051  411  616074.00  5449459.80  49.186950  16.592956  0.9576  0.9620  0.9711  0.9606  0.9678  0.9557  0.9488  0.9516  0.9432  0.9501  0.9505  0.9588  0.9523  0.9635  0.9650  0.9711  0.9651  0.9693  0.9695  0.9563  0.9709  0.9766
   125  1044  412  616069.80  5449459.20  49.186945  16.592899  0.9654  0.9651  0.9786  0.9732  0.9737  0.9595  0.9605  0.9626  0.9546  0.9704  0.9701  0.9595  0.9643  0.9696  0.9806  0.9760  0.9782  0.9747  0.9728  0.9734  0.9698  0.9816
   126  1045  412  616070.40  5449459.20  49.186945  16.592907  0.9588  0.9581  0.9738  0.9687  0.9707  0.9538  0.9526  0.9584  0.9534  0.9578  0.9649  0.9499  0.9609  0.9695  0.9711  0.9775  0.9723  0.9736  0.9701  0.9683  0.9661  0.9699
   127  1047  412  616071.60  5449459.20  49.186945  16.592923  0.9618  0.9673  0.9771  0.9622  0.9646  0.9610  0.9526  0.9580  0.9497  0.9526  0.9624  0.9638  0.9543  0.9637  0.9769  0.9779  0.9687  0.9743  0.9686  0.9582  0.9713  0.9696
   128  1040  412  616067.40  5449459.20  49.186946  16.592866  0.9518  0.9585  0.9676  0.9546  0.9621  0.9566  0.9479  0.9494  0.9440  0.9360  0.9536  0.9501  0.9529  0.9554  0.9683  0.9738  0.9620  0.9607  0.9690  0.9667  0.9599  0.9580
   129  1042  412  616068.60  5449459.20  49.186945  16.592882  0.9531  0.9571  0.9680  0.9581  0.9615  0.9486  0.9519  0.9564  0.9460  0.9469  0.9578  0.9558  0.9582  0.9677  0.9634  0.9725  0.9723  0.9675  0.9600  0.9636  0.9686  0.9771
   130  1046  412  616071.00  5449459.20  49.186945  16.592915  0.9531  0.9626  0.9759  0.9596  0.9660  0.9548  0.9484  0.9512  0.9492  0.9515  0.9591  0.9545  0.9624  0.9631  0.9722  0.9737  0.9639  0.9665  0.9704  0.9659  0.9639  0.9676
   131  1043  412  616069.20  5449459.20  49.186945  16.592890  0.9635  0.9641  0.9787  0.9693  0.9569  0.9636  0.9656  0.9598  0.9594  0.9587  0.9626  0.9611  0.9636  0.9654  0.9690  0.9694  0.9739  0.9769  0.9690  0.9641  0.9665  0.9631
   132  1041  412  616068.00  5449459.20  49.186945  16.592874  0.9583  0.9617  0.9756  0.9654  0.9609  0.9563  0.9533  0.9590  0.9447  0.9499  0.9584  0.9586  0.9601  0.9700  0.9641  0.9762  0.9681  0.9670  0.9722  0.9693  0.9745  0.9689
   133  1042  413  616068.60  5449458.60  49.186940  16.592882  0.9550  0.9621  0.9761  0.9596  0.9592  0.9564  0.9488  0.9609  0.9524  0.9531  0.9614  0.9628  0.9652  0.9706  0.9721  0.9784  0.9714  0.9790  0.9729  0.9704  0.9688  0.9717
   134  1040  413  616067.40  5449458.60  49.186940  16.592866  0.9598  0.9651  0.9772  0.9651  0.9672  0.9640  0.9553  0.9524  0.9556  0.9567  0.9513  0.9595  0.9673  0.9731  0.9653  0.9725  0.9695  0.9678  0.9723  0.9736  0.9688  0.9759
   135  1043  413  616069.20  5449458.60  49.186940  16.592890  0.9569  0.9638  0.9754  0.9661  0.9705  0.9546  0.9556  0.9541  0.9496  0.9504  0.9641  0.9456  0.9578  0.9639  0.9715  0.9768  0.9673  0.9701  0.9742  0.9590  0.9750  0.9724
   136  1041  413  616068.00  5449458.60  49.186940  16.592874  0.9550  0.9621  0.9761  0.9596  0.9592  0.9564  0.9488  0.9609  0.9524  0.9531  0.9614  0.9628  0.9652  0.9706  0.9721  0.9784  0.9714  0.9790  0.9729  0.9704  0.9688  0.9717
   137  1041  414  616068.00  5449458.00  49.186935  16.592874  0.9638  0.9663  0.9762  0.9630  0.9627  0.9607  0.9553  0.9605  0.9517  0.9481  0.9511  0.9584  0.9650  0.9655  0.9728  0.9710  0.9638  0.9738  0.9705  0.9654  0.9647  0.9694
   138  1042  414  616068.60  5449458.00  49.186935  16.592882  0.9589  0.9626  0.9774  0.9682  0.9709  0.9615  0.9534  0.9577  0.9563  0.9564  0.9584  0.9539  0.9656  0.9690  0.9705  0.9799  0.9690  0.9761  0.9709  0.9670  0.9702  0.9585
   139  1040  414  616067.40  5449458.00  49.186935  16.592865  0.9645  0.9680  0.9789  0.9697  0.9744  0.9579  0.9633  0.9672  0.9621  0.9592  0.9645  0.9667  0.9700  0.9751  0.9726  0.9805  0.9768  0.9781  0.9735  0.9732  0.9722  0.9778
