    1  995  439  616040.40  5449443.00  49.186805  16.592491  0.9569  0.9634  0.9745  0.9691  0.9662  0.9618  0.9554  0.9631  0.9569  0.9682  0.9586  0.9673  0.9603  0.9661  0.9729  0.9621  0.9607  0.9605  0.9554  0.9521  0.9521  0.9463
    2  994  439  616039.80  5449443.00  49.186805  16.592482  0.9570  0.9647  0.9762  0.9672  0.9717  0.9636  0.9625  0.9684  0.9625  0.9637  0.9683  0.9658  0.9661  0.9725  0.9731  0.9690  0.9612  0.9561  0.9540  0.9524  0.9538  0.9558
    3  993  439  616039.20  5449443.00  49.186805  16.592474  0.9570  0.9647  0.9762  0.9672  0.9717  0.9636  0.9625  0.9684  0.9625  0.9637  0.9683  0.9658  0.9661  0.9725  0.9731  0.9690  0.9612  0.9561  0.9540  0.9524  0.9538  0.9558
    4  996  439  616041.00  5449443.00  49.186805  16.592499  0.9593  0.9615  0.9703  0.9651  0.9701  0.9625  0.9588  0.9648  0.9592  0.9596  0.9764  0.9684  0.9647  0.9777  0.9746  0.9638  0.9606  0.9575  0.9572  0.9624  0.9562  0.9533
    5  997  440  616041.60  5449442.40  49.186799  16.592507  0.9509  0.9587  0.9723  0.9644  0.9725  0.9657  0.9585  0.9654  0.9632  0.9673  0.9668  0.9698  0.9678  0.9682  0.9737  0.9771  0.9645  0.9688  0.9708  0.9543  0.9589  0.9521
    6  995  440  616040.40  5449442.40  49.186800  16.592490  0.9567  0.9651  0.9764  0.9655  0.9654  0.9547  0.9582  0.9685  0.9545  0.9686  0.9670  0.9658  0.9735  0.9732  0.9771  0.9708  0.9578  0.9524  0.9583  0.9535  0.9596  0.9530
    7  994  440  616039.80  5449442.40  49.186800  16.592482  0.9470  0.9520  0.9623  0.9583  0.9617  0.9552  0.9566  0.9561  0.9457  0.9531  0.9567  0.9526  0.9602  0.9687  0.9724  0.9588  0.9506  0.9420  0.9413  0.9365  0.9334  0.9460
    8  993  440  616039.20  5449442.40  49.186800  16.592474  0.9470  0.9520  0.9623  0.9583  0.9617  0.9552  0.9566  0.9561  0.9457  0.9531  0.9567  0.9526  0.9602  0.9687  0.9724  0.9588  0.9506  0.9420  0.9413  0.9365  0.9334  0.9460
    9  996  440  616041.00  5449442.40  49.186800  16.592499  0.9619  0.9661  0.9774  0.9697  0.9678  0.9649  0.9657  0.9681  0.9577  0.9689  0.9762  0.9712  0.9782  0.9752  0.9787  0.9713  0.9637  0.9596  0.9604  0.9606  0.9558  0.9572
   10  993  441  616039.20  5449441.80  49.186794  16.592474  0.9643  0.9678  0.9753  0.9653  0.9705  0.9708  0.9626  0.9689  0.9691  0.9646  0.9713  0.9678  0.9765  0.9703  0.9740  0.9709  0.9642  0.9592  0.9502  0.9539  0.9481  0.9639
   11  996  441  616041.00  5449441.80  49.186794  16.592499  0.9619  0.9661  0.9774  0.9697  0.9678  0.9649  0.9657  0.9681  0.9577  0.9689  0.9762  0.9712  0.9782  0.9752  0.9787  0.9713  0.9637  0.9596  0.9604  0.9606  0.9558  0.9572
   12  995  441  616040.40  5449441.80  49.186794  16.592490  0.9585  0.9656  0.9748  0.9677  0.9741  0.9647  0.9641  0.9701  0.9611  0.9581  0.9630  0.9675  0.9572  0.9646  0.9751  0.9708  0.9687  0.9570  0.9557  0.9474  0.9481  0.9565
   13  997  441  616041.60  5449441.80  49.186794  16.592507  0.9514  0.9599  0.9733  0.9670  0.9756  0.9698  0.9663  0.9733  0.9637  0.9644  0.9681  0.9657  0.9689  0.9737  0.9742  0.9650  0.9619  0.9621  0.9659  0.9522  0.9516  0.9490
   14  994  441  616039.80  5449441.80  49.186794  16.592482  0.9559  0.9640  0.9731  0.9629  0.9614  0.9562  0.9519  0.9622  0.9510  0.9571  0.9681  0.9618  0.9578  0.9662  0.9657  0.9504  0.9525  0.9583  0.9519  0.9417  0.9426  0.9503
   15  995  442  616040.40  5449441.20  49.186789  16.592490  0.9568  0.9575  0.9721  0.9725  0.9765  0.9712  0.9674  0.9722  0.9615  0.9635  0.9682  0.9610  0.9734  0.9776  0.9757  0.9659  0.9663  0.9618  0.9589  0.9527  0.9534  0.9561
   16  994  442  616039.80  5449441.20  49.186789  16.592482  0.9559  0.9640  0.9731  0.9629  0.9614  0.9562  0.9519  0.9622  0.9510  0.9571  0.9681  0.9618  0.9578  0.9662  0.9657  0.9504  0.9525  0.9583  0.9519  0.9417  0.9426  0.9503
   17  996  442  616041.00  5449441.20  49.186789  16.592498  0.9568  0.9629  0.9754  0.9670  0.9687  0.9568  0.9635  0.9639  0.9666  0.9683  0.9709  0.9692  0.9615  0.9646  0.9731  0.9695  0.9646  0.9627  0.9487  0.9527  0.9552  0.9509
   18  993  442  616039.20  5449441.20  49.186789  16.592474  0.9606  0.9643  0.9728  0.9650  0.9653  0.9546  0.9558  0.9640  0.9497  0.9642  0.9601  0.9627  0.9676  0.9704  0.9667  0.9574  0.9481  0.9532  0.9439  0.9473  0.9471  0.9399
   19  997  442  616041.60  5449441.20  49.186789  16.592507  0.9568  0.9629  0.9754  0.9670  0.9687  0.9568  0.9635  0.9639  0.9666  0.9683  0.9709  0.9692  0.9615  0.9646  0.9731  0.9695  0.9646  0.9627  0.9487  0.9527  0.9552  0.9509
   20  998  442  616042.20  5449441.20  49.186788  16.592515  0.9515  0.9590  0.9657  0.9560  0.9664  0.9544  0.9606  0.9578  0.9504  0.9622  0.9555  0.9517  0.9561  0.9766  0.9705  0.9688  0.9680  0.9539  0.9532  0.9508  0.9526  0.9513
   21  998  443  616042.20  5449440.60  49.186783  16.592515  0.9612  0.9652  0.9740  0.9661  0.9713  0.9687  0.9624  0.9690  0.9634  0.9710  0.9771  0.9699  0.9743  0.9726  0.9693  0.9724  0.9627  0.9674  0.9578  0.9563  0.9551  0.9624
   22  997  443  616041.60  5449440.60  49.186783  16.592506  0.9612  0.9652  0.9740  0.9661  0.9713  0.9687  0.9624  0.9690  0.9634  0.9710  0.9771  0.9699  0.9743  0.9726  0.9693  0.9724  0.9627  0.9674  0.9578  0.9563  0.9551  0.9624
   23  994  443  616039.80  5449440.60  49.186784  16.592482  0.9397  0.9493  0.9643  0.9554  0.9591  0.9586  0.9548  0.9622  0.9521  0.9577  0.9584  0.9542  0.9629  0.9714  0.9740  0.9602  0.9518  0.9507  0.9480  0.9459  0.9475  0.9401
   24  995  443  616040.40  5449440.60  49.186783  16.592490  0.9397  0.9493  0.9643  0.9554  0.9591  0.9586  0.9548  0.9622  0.9521  0.9577  0.9584  0.9542  0.9629  0.9714  0.9740  0.9602  0.9518  0.9507  0.9480  0.9459  0.9475  0.9401
   25  993  443  616039.20  5449440.60  49.186784  16.592473  0.9627  0.9673  0.9759  0.9664  0.9697  0.9663  0.9620  0.9730  0.9612  0.9704  0.9594  0.9564  0.9710  0.9674  0.9779  0.9606  0.9586  0.9522  0.9504  0.9547  0.9564  0.9636
   26  996  443  616041.00  5449440.60  49.186783  16.592498  0.9566  0.9627  0.9692  0.9628  0.9712  0.9602  0.9683  0.9645  0.9600  0.9614  0.9662  0.9649  0.9756  0.9713  0.9687  0.9673  0.9582  0.9581  0.9579  0.9531  0.9482  0.9488
   27  994  444  616039.80  5449440.00  49.186778  16.592482  0.9548  0.9557  0.9682  0.9639  0.9663  0.9678  0.9571  0.9652  0.9604  0.9745  0.9620  0.9699  0.9656  0.9653  0.9670  0.9598  0.9582  0.9598  0.9548  0.9466  0.9534  0.9528
   28  993  444  616039.20  5449440.00  49.186778  16.592473  0.9535  0.9609  0.9737  0.9640  0.9656  0.9634  0.9652  0.9652  0.9638  0.9583  0.9676  0.9680  0.9645  0.9635  0.9740  0.9559  0.9571  0.9497  0.9484  0.9443  0.9433  0.9436
   29  996  444  616041.00  5449440.00  49.186778  16.592498  0.9623  0.9668  0.9765  0.9715  0.9761  0.9647  0.9628  0.9688  0.9574  0.9679  0.9667  0.9656  0.9778  0.9723  0.9704  0.9690  0.9611  0.9526  0.9679  0.9571  0.9583  0.9604
   30  998  444  616042.20  5449440.00  49.186778  16.592514  0.9528  0.9626  0.9674  0.9533  0.9567  0.9566  0.9546  0.9620  0.9644  0.9609  0.9742  0.9687  0.9606  0.9635  0.9696  0.9710  0.9592  0.9500  0.9514  0.9531  0.9457  0.9590
   31  995  444  616040.40  5449440.00  49.186778  16.592490  0.9451  0.9532  0.9662  0.9604  0.9623  0.9528  0.9515  0.9546  0.9470  0.9546  0.9516  0.9719  0.9622  0.9604  0.9553  0.9570  0.9508  0.9494  0.9459  0.9370  0.9498  0.9432
   32  997  444  616041.60  5449440.00  49.186778  16.592506  0.9574  0.9626  0.9681  0.9559  0.9652  0.9596  0.9566  0.9630  0.9587  0.9597  0.9730  0.9687  0.9664  0.9689  0.9620  0.9683  0.9613  0.9595  0.9512  0.9487  0.9452  0.9409
   33  998  445  616042.20  5449439.40  49.186772  16.592514  0.9546  0.9624  0.9722  0.9637  0.9667  0.9619  0.9554  0.9654  0.9658  0.9615  0.9637  0.9597  0.9622  0.9604  0.9679  0.9701  0.9580  0.9540  0.9497  0.9471  0.9445  0.9370
   34  996  445  616041.00  5449439.40  49.186773  16.592498  0.9537  0.9611  0.9748  0.9681  0.9654  0.9599  0.9585  0.9504  0.9593  0.9600  0.9556  0.9624  0.9616  0.9574  0.9636  0.9638  0.9586  0.9479  0.9474  0.9480  0.9504  0.9592
   35  993  445  616039.20  5449439.40  49.186773  16.592473  0.9579  0.9656  0.9745  0.9642  0.9731  0.9711  0.9616  0.9663  0.9637  0.9623  0.9679  0.9616  0.9611  0.9774  0.9648  0.9648  0.9513  0.9590  0.9453  0.9483  0.9498  0.9478
   36  995  445  616040.40  5449439.40  49.186773  16.592490  0.9451  0.9532  0.9662  0.9604  0.9623  0.9528  0.9515  0.9546  0.9470  0.9546  0.9516  0.9719  0.9622  0.9604  0.9553  0.9570  0.9508  0.9494  0.9459  0.9370  0.9498  0.9432
   37  994  445  616039.80  5449439.40  49.186773  16.592481  0.9526  0.9642  0.9738  0.9643  0.9672  0.9628  0.9571  0.9619  0.9536  0.9605  0.9604  0.9622  0.9622  0.9604  0.9728  0.9675  0.9437  0.9497  0.9589  0.9513  0.9491  0.9463
   38  997  445  616041.60  5449439.40  49.186772  16.592506  0.9546  0.9624  0.9722  0.9637  0.9667  0.9619  0.9554  0.9654  0.9658  0.9615  0.9637  0.9597  0.9622  0.9604  0.9679  0.9701  0.9580  0.9540  0.9497  0.9471  0.9445  0.9370
   39  998  446  616042.20  5449438.80  49.186767  16.592514  0.9546  0.9609  0.9680  0.9586  0.9666  0.9587  0.9590  0.9615  0.9596  0.9620  0.9742  0.9709  0.9622  0.9711  0.9637  0.9593  0.9591  0.9555  0.9559  0.9512  0.9468  0.9458
   40  997  446  616041.60  5449438.80  49.186767  16.592506  0.9567  0.9627  0.9763  0.9685  0.9683  0.9614  0.9619  0.9655  0.9617  0.9688  0.9757  0.9675  0.9723  0.9650  0.9641  0.9661  0.9580  0.9573  0.9562  0.9555  0.9585  0.9525
   41  994  446  616039.80  5449438.80  49.186767  16.592481  0.9545  0.9597  0.9737  0.9650  0.9598  0.9557  0.9613  0.9631  0.9574  0.9626  0.9715  0.9583  0.9668  0.9669  0.9659  0.9660  0.9546  0.9453  0.9474  0.9511  0.9617  0.9435
   42  993  446  616039.20  5449438.80  49.186767  16.592473  0.9612  0.9670  0.9721  0.9666  0.9751  0.9554  0.9571  0.9655  0.9624  0.9717  0.9735  0.9624  0.9620  0.9686  0.9676  0.9657  0.9557  0.9637  0.9611  0.9538  0.9474  0.9497
   43  995  446  616040.40  5449438.80  49.186767  16.592489  0.9672  0.9686  0.9733  0.9660  0.9693  0.9721  0.9626  0.9692  0.9687  0.9605  0.9702  0.9633  0.9765  0.9713  0.9682  0.9760  0.9549  0.9635  0.9595  0.9518  0.9598  0.9514
   44  992  446  616038.60  5449438.80  49.186768  16.592465  0.9612  0.9670  0.9721  0.9666  0.9751  0.9554  0.9571  0.9655  0.9624  0.9717  0.9735  0.9624  0.9620  0.9686  0.9676  0.9657  0.9557  0.9637  0.9611  0.9538  0.9474  0.9497
   45  991  446  616038.00  5449438.80  49.186768  16.592457  0.9565  0.9633  0.9730  0.9651  0.9604  0.9520  0.9578  0.9658  0.9633  0.9643  0.9710  0.9579  0.9585  0.9665  0.9603  0.9578  0.9670  0.9525  0.9562  0.9475  0.9560  0.9408
   46  996  446  616041.00  5449438.80  49.186767  16.592498  0.9672  0.9686  0.9733  0.9660  0.9693  0.9721  0.9626  0.9692  0.9687  0.9605  0.9702  0.9633  0.9765  0.9713  0.9682  0.9760  0.9549  0.9635  0.9595  0.9518  0.9598  0.9514
   47  990  446  616037.40  5449438.80  49.186768  16.592448  0.9459  0.9562  0.9676  0.9600  0.9662  0.9545  0.9622  0.9640  0.9395  0.9576  0.9586  0.9649  0.9597  0.9679  0.9748  0.9681  0.9564  0.9532  0.9511  0.9432  0.9493  0.9480
   48  992  447  616038.60  5449438.20  49.186762  16.592465  0.9645  0.9659  0.9738  0.9692  0.9738  0.9639  0.9741  0.9711  0.9623  0.9657  0.9704  0.9619  0.9661  0.9659  0.9672  0.9528  0.9612  0.9586  0.9511  0.9562  0.9544  0.9432
   49  993  447  616039.20  5449438.20  49.186762  16.592473  0.9659  0.9671  0.9761  0.9733  0.9747  0.9656  0.9667  0.9700  0.9623  0.9656  0.9722  0.9699  0.9731  0.9722  0.9751  0.9693  0.9613  0.9613  0.9575  0.9518  0.9548  0.9685
   50  990  447  616037.40  5449438.20  49.186762  16.592448  0.9596  0.9605  0.9702  0.9679  0.9660  0.9628  0.9571  0.9725  0.9594  0.9725  0.9615  0.9618  0.9647  0.9725  0.9593  0.9738  0.9511  0.9489  0.9471  0.9578  0.9499  0.9382
   51  994  447  616039.80  5449438.20  49.186762  16.592481  0.9591  0.9654  0.9736  0.9637  0.9714  0.9605  0.9590  0.9677  0.9614  0.9711  0.9623  0.9599  0.9678  0.9679  0.9614  0.9591  0.9578  0.9559  0.9501  0.9512  0.9496  0.9429
   52  995  447  616040.40  5449438.20  49.186762  16.592489  0.9640  0.9686  0.9741  0.9633  0.9617  0.9637  0.9484  0.9571  0.9547  0.9650  0.9644  0.9582  0.9695  0.9566  0.9627  0.9583  0.9625  0.9546  0.9474  0.9520  0.9514  0.9450
   53  996  447  616041.00  5449438.20  49.186762  16.592497  0.9582  0.9613  0.9716  0.9615  0.9561  0.9510  0.9575  0.9486  0.9562  0.9616  0.9602  0.9586  0.9516  0.9637  0.9620  0.9586  0.9576  0.9466  0.9409  0.9435  0.9489  0.9352
   54  997  447  616041.60  5449438.20  49.186762  16.592506  0.9669  0.9721  0.9765  0.9646  0.9712  0.9642  0.9621  0.9761  0.9632  0.9707  0.9759  0.9769  0.9704  0.9746  0.9759  0.9781  0.9580  0.9552  0.9577  0.9567  0.9537  0.9609
   55  991  447  616038.00  5449438.20  49.186762  16.592456  0.9546  0.9634  0.9715  0.9620  0.9676  0.9580  0.9543  0.9585  0.9535  0.9585  0.9501  0.9716  0.9578  0.9716  0.9753  0.9657  0.9504  0.9431  0.9424  0.9365  0.9343  0.9496
