14.011    3.8716
13.973    3.8384
13.936    3.7951
13.899    3.7383
13.861    3.6946
13.824    3.6546
13.788    3.6185
13.751    3.5721
13.715    3.5355
13.679    3.4910
13.643    3.4467
13.607    3.3945
13.571    3.3529
13.536    3.3149
13.500    3.2811
13.465    3.2424
13.430    3.2051
13.396    3.1589
13.361    3.1136
13.327    3.0655
13.293    3.0259
13.259    2.9792
13.225    2.9383
13.191    2.8974
13.158    2.8555
13.124    2.8101
13.091    2.7677
13.058    2.7251
13.026    2.6868
12.993    2.6404
12.960    2.6000
12.928    2.5619
12.896    2.5248
12.864    2.4842
12.832    2.4462
12.800    2.4043
12.769    2.3643
12.737    2.3188
12.706    2.2743
12.675    2.2301
12.644    2.1911
12.614    2.1497
12.583    2.1119
12.552    2.0726
12.522    2.0384
12.492    1.9985
12.462    1.9583
12.432    1.9171
12.402    1.8786
12.373    1.8382
12.343    1.7997
12.314    1.7609
12.285    1.7300
12.256    1.6977
12.227    1.6664
12.198    1.6334
12.169    1.6030
12.141    1.5729
12.113    1.5461
12.084    1.5183
12.056    1.4929
12.028    1.4666
12.000    1.4405
11.973    1.4118
11.945    1.3846
11.918    1.3542
11.890    1.3274
11.863    1.2989
11.836    1.2733
11.809    1.2496
11.782    1.2300
11.755    1.2106
11.729    1.1934
11.702    1.1728
11.676    1.1532
11.650    1.1295
11.624    1.1089
11.598    1.0898
11.572    1.0735
11.546    1.0560
11.520    1.0407
11.495    1.0250
11.469    1.0130
11.444    0.9988
11.419    0.9871
11.394    0.9761
11.369    0.9656
11.344    0.9541
11.319    0.9452
11.294    0.9355
11.270    0.9280
11.245    0.9202
11.221    0.9156
11.197    0.9101
11.173    0.9046
11.149    0.9003
11.125    0.9008
11.101    0.8979
11.077    0.8926
11.054    0.8862
11.030    0.8848
11.007    0.8840
10.983    0.8857
10.960    0.8871
10.937    0.8903
10.914    0.8898
10.891    0.8890
10.868    0.8867
10.846    0.8893
10.823    0.8924
10.800    0.8974
10.778    0.8996
10.755    0.9030
10.733    0.9072
10.711    0.9147
10.689    0.9204
10.667    0.9275
10.645    0.9297
10.623    0.9329
10.602    0.9345
10.580    0.9410
10.558    0.9484
10.537    0.9565
10.516    0.9629
10.494    0.9716
10.473    0.9780
10.452    0.9869
10.431    0.9931
10.410    1.0024
10.389    1.0092
10.368    1.0154
10.348    1.0228
10.327    1.0323
10.306    1.0391
10.286    1.0505
10.266    1.0596
10.245    1.0687
10.225    1.0757
10.205    1.0840
10.185    1.0939
10.165    1.1017
10.145    1.1056
10.125    1.1144
10.106    1.1209
10.086    1.1274
10.066    1.1324
10.047    1.1398
10.027    1.1472
10.008    1.1534
 9.989    1.1597
 9.970    1.1714
 9.950    1.1800
 9.931    1.1886
 9.912    1.1960
 9.893    1.2058
 9.875    1.2144
 9.856    1.2242
 9.837    1.2321
 9.819    1.2412
 9.800    1.2472
 9.781    1.2510
 9.763    1.2534
 9.745    1.2620
 9.726    1.2692
 9.708    1.2745
 9.690    1.2778
 9.672    1.2853
 9.654    1.2917
 9.636    1.2965
 9.618    1.2996
 9.600    1.3094
 9.582    1.3168
 9.565    1.3235
 9.547    1.3312
 9.530    1.3386
 9.512    1.3420
 9.495    1.3491
 9.477    1.3575
 9.460    1.3688
 9.443    1.3802
 9.426    1.3912
 9.409    1.3946
 9.392    1.3965
 9.375    1.3972
 9.358    1.4023
 9.341    1.4075
 9.324    1.4138
 9.307    1.4209
 9.291    1.4315
 9.274    1.4379
 9.257    1.4458
 9.241    1.4499
 9.225    1.4530
 9.208    1.4525
 9.192    1.4518
 9.175    1.4528
 9.159    1.4601
 9.143    1.4669
 9.127    1.4743
 9.111    1.4807
 9.095    1.4898
 9.079    1.4977
 9.063    1.5080
 9.047    1.5176
 9.032    1.5264
 9.016    1.5295
 9.000    1.5331
 8.985    1.5377
 8.969    1.5422
 8.954    1.5449
 8.938    1.5518
 8.923    1.5573
 8.908    1.5611
 8.892    1.5618
 8.877    1.5652
 8.862    1.5669
 8.847    1.5666
 8.832    1.5673
 8.817    1.5757
 8.802    1.5834
 8.787    1.5910
 8.772    1.5963
 8.757    1.5997
 8.742    1.5977
 8.727    1.5961
 8.713    1.5963
 8.698    1.6011
 8.684    1.6071
 8.669    1.6159
 8.655    1.6238
 8.640    1.6302
 8.626    1.6331
 8.612    1.6367
 8.597    1.6358
 8.583    1.6346
 8.569    1.6338
 8.555    1.6336
 8.541    1.6334
 8.527    1.6353
 8.513    1.6379
 8.499    1.6434
 8.485    1.6487
 8.471    1.6559
 8.457    1.6619
 8.443    1.6671
 8.430    1.6721
 8.416    1.6803
 8.402    1.6858
 8.389    1.6877
 8.375    1.6874
 8.361    1.6887
 8.348    1.6879
 8.335    1.6877
 8.321    1.6882
 8.308    1.6929
 8.295    1.6965
 8.281    1.6989
 8.268    1.7030
 8.255    1.7092
 8.242    1.7111
 8.229    1.7126
 8.216    1.7121
 8.203    1.7128
 8.190    1.7136
 8.177    1.7173
 8.164    1.7228
 8.151    1.7291
 8.138    1.7327
 8.126    1.7370
 8.113    1.7375
 8.100    1.7365
 8.088    1.7339
 8.075    1.7327
 8.062    1.7300
 8.050    1.7300
 8.037    1.7331
 8.025    1.7389
 8.013    1.7425
 8.000    1.7461
 7.988    1.7480
 7.976    1.7468
 7.963    1.7430
 7.951    1.7405
 7.939    1.7401
 7.927    1.7425
 7.915    1.7451
 7.903    1.7465
 7.891    1.7465
 7.879    1.7465
 7.867    1.7470
 7.855    1.7506
 7.843    1.7552
 7.831    1.7604
 7.819    1.7643
 7.808    1.7633
 7.796    1.7602
 7.784    1.7597
 7.772    1.7612
 7.761    1.7667
 7.749    1.7717
 7.737    1.7776
 7.726    1.7817
 7.715    1.7815
 7.703    1.7800
 7.692    1.7805
 7.680    1.7808
 7.669    1.7848
 7.657    1.7870
 7.646    1.7867
 7.635    1.7841
 7.624    1.7786
 7.613    1.7700
 7.601    1.7647
 7.590    1.7649
 7.579    1.7767
 7.568    1.7906
 7.557    1.8033
 7.546    1.8148
 7.535    1.8253
 7.524    1.8303
 7.513    1.8289
 7.502    1.8078
 7.492    1.7724
 7.481    1.7454
 7.470    1.7355
 7.459    1.7451
 7.449    1.7729
 7.438    1.8083
 7.427    1.8396
 7.417    1.8463
 7.406    1.8362
 7.395    1.8372
 7.385    1.8444
 7.374    1.8291
 7.364    1.7908
 7.353    1.7633
 7.343    1.7523
 7.333    1.7554
 7.322    1.7817
 7.312    1.8076
 7.302    1.8133
 7.291    1.7982
 7.281    1.7794
 7.271    1.7853
 7.261    1.8119
 7.251    1.8556
 7.240    1.8779
 7.230    1.8578
 7.220    1.8382
 7.210    1.8348
 7.200    1.8088
 7.190    1.7767
 7.180    1.7475
 7.170    1.7264
 7.160    1.7169
 7.151    1.7205
 7.141    1.7573
 7.131    1.8154
 7.121    1.8542
 7.111    1.8815
 7.102    1.9006
 7.092    1.9258
 7.082    1.9260
 7.072    1.8447
 7.063    1.7581
 7.053    1.6987
 7.044    1.6767
 7.034    1.7080
 7.025    1.7703
 7.015    1.8432
 7.006    1.8973